"K20_1M10" "K20_1M2" "K20_1S10" "K20_1S2" "K20_2M10" "K20_2M2" "K20_2S10" "K20_2S2" "K20_3M10" "K20_3M2" "K20_3S10" "K20_3S2" "K21_1M10" "K21_1M2" "K21_1S10" "K21_1S2" "K21_2M10" "K21_2M2" "K21_2S10" "K21_2S2" "K21_3M10" "K21_3M2" "K21_3S10" "K21_3S2" "K22_1M10" "K22_1M2" "K22_1S10" "K22_1S2" "K22_2M10" "K22_2M2" "K22_2S10" "K22_2S2" "K22_3M10" "K22_3M2" "K22_3S10" "K22_3S2"
"ASV1" 111988 122609 141723 127545 118540 118424 130953 142133 130167 116408 121748 134717 55193 89478 60675 100139 43348 98384 71385 76285 60330 86034 62459 76388 8413 31054 7469 42097 15826 28820 19038 31908 20053 29084 19761 33779
"ASV2" 839 425 963 586 848 837 1199 640 1053 539 709 472 29380 3773 19161 4626 23310 5383 21562 8203 19407 3501 20777 5915 44243 11670 36763 12806 38820 11305 38724 15035 47097 10697 40639 19821
"ASV3" 28 64 55 18 31 43 47 6 29 38 64 2 14 58 91 9 37 281 56 66 48 47 22 74 4357 27254 4447 17784 2649 17582 3423 35963 2027 11728 3271 30582
"ASV4" 26 48 23 50 28 42 11 33 14 56 34 15 2836 3358 2992 794 6360 4159 4627 2327 1936 2635 1995 2075 10992 10233 3263 7852 23673 11468 14054 4623 7464 12058 5025 2582
"ASV5" 83 101 64 109 104 77 64 90 68 104 73 53 114 524 58 207 86 86 96 74 60 108 98 130 5361 3792 4224 912 4847 901 13582 2289 28318 3062 21404 5768
"ASV6" 15 9 16 27 13 7 13 29 18 5 17 23 3350 3531 6955 3929 9741 2439 8096 10329 2119 1841 2940 15407 1294 769 1989 4458 1812 1106 641 688 7104 2043 3283 750
"ASV7" 8 21 6 8 14 10 4 4 9 15 5 4 18 16 9 5 5 13 14 7 17 11 4 15 986 5217 872 4487 6875 24523 1212 3903 2114 29536 1579 5826
"ASV8" 387 700 785 599 246 937 500 429 774 662 759 541 1941 2902 3334 2291 808 3269 1425 3265 1268 2550 1710 3835 896 1899 659 1397 1118 1373 653 1103 539 1486 669 1207
"ASV9" 7 3 3 16 3 5 6 15 11 4 9 13 2651 2473 3385 1809 1751 1810 2572 7975 1138 911 1277 7616 980 425 1469 1754 547 735 659 953 5149 443 2802 469
"ASV14" 35 36 5 28 16 41 5 7 5 29 6 8 3664 1230 2133 1833 3789 2082 3769 1979 3029 1331 5113 1657 35 9 52 1958 136 83 10 55 208 48 87 43
"ASV10" 5 4 3 3 3 5 4 10 3 1 7 3 757 6 546 84 5145 7 600 31 706 11 386 92 3277 1319 4471 367 1804 970 1820 246 1579 1429 1211 104
"ASV11" 8 5 5 6 8 4 1 9 10 0 5 3 53 197 349 160 11427 934 1027 862 228 104 249 224 1229 279 122 301 2790 1183 269 34 2440 70 640 131
"ASV12" 233 181 175 120 110 105 96 89 167 125 154 87 689 2465 320 1814 562 1276 684 1635 619 1415 829 2305 1289 975 565 726 660 1251 434 784 419 1169 313 845
"ASV13" 438 275 670 153 235 233 122 338 501 421 401 202 336 548 425 452 618 751 222 544 466 718 422 1153 961 1715 861 1129 1070 1607 583 852 614 1598 793 1155
"ASV15" 11 34 0 13 9 5 1 0 1 10 11 5 48 26 41 10 29 40 23 109 24 32 44 33 4092 201 13855 84 205 94 267 127 205 41 119 84
"ASV16" 40 68 57 42 42 40 27 22 101 49 64 40 710 1026 256 670 455 1139 218 1417 1973 880 1691 1627 146 226 66 220 308 129 92 64 79 104 22 68
"ASV17" 14 25 19 42 14 32 16 24 14 40 14 9 309 76 839 305 396 177 297 420 265 342 301 549 928 389 996 959 3232 443 2650 948 427 498 1755 457
"ASV25" 0 2 4 0 3 0 5 8 4 2 6 1 4 19 1 94 107 3 23 3 2 18 5 17 171 481 984 185 577 848 106 1611 344 1193 304 695
"ASV27" 89 71 109 55 15 70 65 101 159 70 163 61 176 108 321 260 135 239 267 265 295 88 252 529 89 205 121 727 437 485 276 438 321 393 175 758
"ASV28" 53 81 74 74 19 72 24 31 110 43 64 32 240 321 219 139 114 506 192 436 346 258 372 1255 203 364 98 107 324 343 122 53 40 132 134 167
"ASV34" 133 205 178 76 72 74 78 86 128 84 297 89 559 158 243 283 97 207 99 342 98 388 58 321 150 246 143 277 227 316 77 133 108 361 35 285
"ASV39" 129 152 92 57 70 122 43 65 78 146 122 73 74 216 134 226 94 112 75 60 46 90 60 769 1822 107 75 165 115 175 68 44 38 135 88 81
"ASV42" 64 82 55 106 30 50 19 37 51 47 92 60 137 499 91 185 268 374 170 192 443 882 545 935 4 12 9 2 0 29 16 7 2 50 2 35
"ASV46" 0 0 2 0 0 4 0 0 3 2 10 15 47 0 9 0 8 0 2 0 60 4 3 2 1 0 4 34 3 0 2 0 10 0 3981 0
"ASV48" 116 143 237 87 71 92 147 133 225 87 250 145 91 153 36 106 100 125 52 270 244 245 29 350 56 201 158 408 322 134 71 24 52 0 56 148
"ASV47" 0 1 1 0 0 6 0 0 0 8 2 0 0 70 1 35 2 245 0 11 0 15 11 54 25 751 4 252 138 1761 146 260 28 1137 45 1003
"ASV49" 91 39 34 85 61 101 72 59 102 142 142 90 39 102 365 156 158 4 161 308 187 305 203 183 0 48 214 241 103 0 70 239 37 0 115 3
"ASV50" 22 26 40 4 15 25 13 5 10 35 25 12 183 182 178 89 132 151 187 399 189 112 168 397 126 300 125 85 170 235 102 59 91 96 53 215
"ASV52" 4 2 2 2 0 5 2 9 2 11 3 11 45 88 14 15 29 75 79 92 79 38 66 52 669 130 399 132 353 459 104 184 99 335 63 201
"ASV55" 16 2 6 8 3 1 4 8 13 6 1 1 129 128 65 93 34 70 7 58 67 112 33 22 97 688 251 158 211 99 264 279 228 256 91 423
"ASV58" 85 146 110 62 61 39 76 48 258 157 432 24 157 297 78 114 190 246 176 91 120 122 146 410 2 96 12 64 66 33 52 44 21 61 12 0
"ASV57" 8 3 5 2 1 4 3 6 2 1 9 1 567 166 275 10 33 166 8 103 190 55 28 1 1 1 25 25 30 0 18 899 510 598 18 109
"ASV61" 228 179 202 105 138 163 118 87 254 109 241 115 65 111 95 82 66 79 69 82 68 59 29 117 96 0 85 78 183 261 90 74 26 56 118 49
"ASV64" 0 0 0 0 0 4 0 0 0 3 0 0 0 3 0 0 0 1 1 0 0 1 0 2 0 0 0 0 0 3260 18 0 0 52 1 0
"ASV69" 2 13 9 9 1 4 6 4 13 2 4 2 8 1 1 6 30 1404 26 0 2 16 39 11 16 184 42 114 0 134 38 64 30 165 23 99
"ASV73" 63 125 92 54 20 65 35 35 63 63 61 47 39 83 52 106 74 104 23 78 258 150 302 143 61 67 70 45 114 60 57 109 15 57 20 19
"ASV72" 0 0 0 0 0 0 0 0 0 1 0 0 0 0 0 0 0 0 0 0 0 0 0 1 52 756 68 45 425 329 234 9 13 259 1 2
"ASV75" 13 15 82 39 11 56 8 11 32 48 66 36 443 25 36 0 11 152 27 43 62 116 381 269 95 1 1 0 35 7 68 0 0 12 32 33
"ASV86" 1 0 2 1 0 0 1 0 0 2 0 0 10 15 0 0 12 38 5 43 1 27 18 91 161 351 79 114 57 145 38 160 47 175 81 131
"ASV80" 0 7 9 7 0 1 20 9 3 0 0 1 75 1 89 32 1 37 68 65 5 40 60 261 124 153 67 92 49 18 20 134 52 69 42 82
"ASV104" 2 4 1 1 0 5 0 3 0 8 12 6 23 3 9 12 14 8 1 7 0 4 13 70 285 18 25 116 152 43 519 40 28 52 38 86
"ASV96" 26 82 86 52 22 25 29 25 45 29 250 69 26 20 63 32 12 19 0 37 75 5 21 37 17 215 52 20 18 12 31 13 21 62 38 36
"ASV106" 19 12 30 38 26 11 14 35 9 8 29 4 0 36 31 38 18 42 12 0 149 22 99 24 109 286 112 22 117 7 38 82 70 8 153 57
"ASV103" 13 1 1 2 0 0 1 0 1 10 0 2 24 2 23 78 11 9 14 14 24 13 3 93 155 259 92 32 138 187 48 37 63 150 19 53
"ASV107" 0 2 3 0 0 0 0 1 3 0 13 0 19 39 28 15 4 38 26 31 39 49 15 45 26 181 85 92 73 97 42 102 56 42 9 38
"ASV101" 0 0 2 1 2 0 0 0 3 1 3 0 2 121 15 30 2 0 0 82 4 15 0 28 603 0 103 2 18 191 166 9 70 0 60 21
"ASV100" 43 25 41 18 8 14 16 2 18 10 78 4 39 0 20 10 9 41 34 97 129 14 61 10 70 37 25 40 42 28 37 178 0 48 33 8
"ASV149" 6 28 43 7 14 0 5 2 9 27 5 6 41 60 54 95 8 72 0 46 58 113 20 85 126 51 34 25 54 118 12 15 20 73 42 31
"ASV102" 4 8 34 23 16 8 39 47 43 17 64 42 60 37 48 42 40 48 3 41 42 52 52 1 7 46 101 4 2 6 80 19 8 2 2 17
"ASV114" 48 59 155 30 22 125 40 45 77 38 129 55 2 51 32 0 31 1 27 11 22 3 57 73 26 0 5 0 1 10 7 0 7 1 91 0
"ASV123" 6 7 172 0 6 0 1 14 7 0 0 0 39 1 53 0 153 114 10 0 32 8 148 0 0 0 22 1 46 15 0 0 0 0 233 0
"ASV122" 0 3 0 1 0 5 0 0 0 0 2 1 28 1 12 40 25 30 1 8 14 21 41 11 63 112 40 11 51 11 473 8 11 40 12 27
"ASV121" 10 21 29 1 0 5 0 15 19 11 4 28 14 3 16 34 83 18 15 4 23 4 12 89 291 13 33 50 76 8 7 8 11 70 12 48
"ASV133" 103 48 49 6 16 28 34 58 43 25 57 47 73 0 3 3 0 43 31 156 11 35 25 95 2 1 0 4 1 1 0 38 4 0 3 25
"ASV137" 6 0 2 6 17 0 9 8 8 2 2 18 45 64 52 0 5 62 0 11 5 12 40 14 10 24 62 103 139 4 13 51 22 13 59 99
"ASV195" 12 1 16 1 1 1 3 5 2 9 1 12 71 24 51 22 23 13 4 23 3 53 44 6 19 96 15 43 73 43 43 33 36 84 105 34
"ASV126" 31 25 98 29 19 48 19 57 11 11 66 61 16 6 8 19 33 0 33 20 92 53 38 60 50 0 24 0 71 10 13 100 22 8 25 24
"ASV124" 0 0 0 0 1 0 0 0 1 1 1 2 0 0 1 1 0 0 0 1 0 2 0 0 1 46 8 24 45 571 6 40 7 123 6 65
"ASV131" 21 6 11 3 4 12 5 2 83 2 16 23 1 2 0 2 4 1 3 1 3 1 3 2 3 47 17 49 4 155 1 29 0 542 27 83
"ASV130" 27 35 32 42 12 80 57 36 55 26 45 43 3 1 1 0 46 0 2 0 35 0 81 44 19 15 54 1 68 57 0 0 0 0 12 13
"ASV151" 0 2 0 0 0 0 0 0 1 0 6 0 0 1 1 3 0 2 0 0 1 0 2 0 8 103 4 69 167 235 77 23 12 121 0 31
"ASV145" 0 1 0 0 1 1 0 0 0 4 0 1 39 11 31 47 43 122 3 86 24 52 57 14 41 29 77 14 52 58 61 20 58 28 27 35
"ASV146" 0 1 0 0 0 0 0 0 0 1 0 0 1 0 0 0 0 0 0 0 0 1 0 0 14 50 1 70 75 360 8 18 1 212 33 77
"ASV143" 26 47 40 25 17 12 0 7 43 15 163 15 46 33 20 48 0 14 49 14 4 1 28 26 10 0 1 7 132 21 22 1 30 0 0 37
"ASV152" 0 15 0 3 0 2 1 0 0 1 0 0 0 1 1 0 0 5 0 0 0 0 2 0 0 0 0 0 0 238 5 501 1 45 1 0
"ASV159" 72 70 49 12 14 41 42 19 63 38 105 32 39 12 7 1 0 0 9 1 95 12 1 74 1 0 2 1 50 6 25 0 46 0 28 10
"ASV171" 3 7 0 14 0 0 0 0 0 5 0 6 0 16 0 9 8 3 51 5 2 43 0 3 37 140 73 17 88 53 1 8 11 110 26 9
"ASV168" 45 87 49 7 20 58 39 22 59 41 99 31 0 6 3 3 20 0 0 17 20 8 16 34 3 29 21 0 30 0 2 0 0 0 0 0
"ASV164" 6 4 4 0 3 2 0 4 3 1 0 6 5 0 22 0 15 36 6 2 51 0 15 23 58 33 40 42 68 48 3 15 26 62 29 55
"ASV174" 12 15 0 8 0 17 8 0 6 8 6 7 5 7 15 49 0 10 3 0 26 1 31 17 37 179 1 3 0 4 0 0 0 1 4 52
"ASV1016" 0 1 2 0 0 0 1 0 12 0 4 4 0 13 8 0 0 11 0 0 0 0 0 0 0 0 0 0 0 0 0 0 4 0 0 0
"ASV1019" 0 2 0 0 0 0 0 2 0 0 0 0 0 2 6 0 0 0 19 0 0 3 0 0 0 12 0 0 0 0 0 0 0 3 0 0
"ASV1022" 0 0 0 0 0 0 0 8 6 0 5 0 0 0 0 7 0 0 2 0 0 0 0 3 2 26 11 0 0 0 0 0 1 2 1 1
"ASV1025" 0 0 3 0 7 1 0 0 0 6 0 0 0 0 0 0 0 0 0 0 0 0 0 0 0 0 32 0 1 0 12 0 0 0 19 0
"ASV1026" 0 0 0 0 0 0 0 0 0 0 0 0 0 0 0 0 0 0 0 0 0 0 0 0 22 0 29 0 17 0 0 0 0 0 0 0
"ASV1028" 0 0 3 0 0 0 2 6 4 0 2 2 1 3 0 1 3 3 0 1 3 1 25 0 0 2 7 0 0 0 10 0 0 0 0 0
"ASV1031" 0 1 4 0 0 0 6 0 0 0 0 0 19 0 28 0 0 0 0 0 0 0 0 0 0 0 0 0 0 0 0 0 0 0 0 0
"ASV1036" 0 0 0 0 0 0 0 0 0 1 3 0 0 0 3 0 0 1 0 3 13 0 0 0 0 1 3 0 0 0 15 0 0 8 0 0
"ASV1313" 0 0 0 0 0 11 2 0 0 0 1 2 0 0 4 0 15 0 6 2 0 0 0 0 2 5 4 0 1 0 1 0 0 0 0 6
"ASV1041" 0 0 0 0 0 0 0 0 0 0 0 0 0 0 38 0 0 0 0 0 0 0 0 0 0 0 0 0 0 0 0 0 0 0 0 0
"ASV1042" 0 0 0 0 0 0 0 0 0 0 0 0 0 0 0 0 0 0 0 11 1 0 0 0 0 18 0 0 0 0 1 0 0 0 0 23
"ASV1045" 0 0 0 0 0 0 0 0 0 0 0 0 0 0 0 0 0 0 0 0 0 0 0 0 0 0 0 49 0 0 0 0 0 0 0 0
"ASV1046" 0 0 0 0 0 0 0 0 0 0 0 0 0 0 0 0 0 0 0 0 0 0 0 0 0 0 0 61 0 0 12 0 0 0 0 0
"ASV1047" 0 0 0 0 0 0 0 0 0 0 0 0 0 0 0 0 0 0 0 0 39 0 0 0 1 6 0 0 0 0 0 0 0 0 0 0
"ASV1049" 0 0 0 0 0 0 0 0 0 0 0 0 0 0 0 0 0 0 0 37 0 0 0 0 0 0 4 0 0 0 0 0 0 0 0 0
"ASV1050" 0 0 2 0 0 0 2 0 0 0 1 2 0 12 0 0 0 1 15 11 0 0 9 2 11 0 0 2 34 0 1 18 2 36 10 0
"ASV1052" 0 6 0 0 0 0 3 1 7 1 23 11 14 0 2 0 0 0 0 11 0 0 0 0 0 0 0 0 0 1 0 0 0 0 0 0
"ASV1057" 0 0 0 3 0 7 0 1 0 11 4 1 0 0 0 0 0 22 0 14 0 4 0 0 0 0 0 5 0 0 0 0 0 0 0 1
"ASV1067" 0 0 0 0 8 0 0 0 0 0 0 0 0 62 0 0 0 0 0 0 0 0 8 0 0 1 0 0 0 0 0 0 0 0 0 0
"ASV1073" 0 0 0 0 0 0 1 0 0 0 0 0 0 0 0 0 0 0 0 0 0 0 0 10 0 0 1 30 4 0 7 0 0 12 0 0
"ASV1074" 0 0 0 0 0 0 0 0 0 0 0 0 0 0 0 0 0 0 0 0 0 0 0 0 0 41 0 0 0 0 0 0 0 0 0 0
"ASV1075" 0 0 0 0 0 0 0 0 0 0 0 0 16 0 0 0 0 0 16 0 0 0 0 0 0 0 0 0 0 0 0 0 0 0 12 0
"ASV1078" 0 0 2 0 0 0 0 0 0 0 0 0 0 0 0 0 0 0 0 0 0 0 0 0 0 0 0 0 4 0 0 0 0 4 0 49
"ASV1081" 9 0 0 9 0 0 0 3 27 0 0 0 0 0 0 0 0 0 0 13 0 0 0 0 0 0 0 0 2 0 0 0 0 0 1 12
"ASV1083" 0 0 0 0 0 0 0 0 0 0 0 0 0 0 0 0 0 0 0 0 52 0 11 0 0 0 0 0 0 0 0 0 0 0 0 0
"ASV1099" 3 0 0 0 0 2 0 0 0 0 0 1 2 0 0 0 0 0 0 0 9 26 8 0 0 0 0 0 8 0 0 0 0 0 0 0
"ASV1100" 0 0 0 0 1 0 0 0 0 0 0 0 14 0 0 10 0 0 0 0 12 0 0 12 0 0 1 0 0 0 0 0 10 0 1 0
"ASV1102" 0 0 0 0 0 0 0 0 0 0 0 0 0 0 0 0 0 0 0 0 0 0 0 0 0 0 0 0 0 34 0 0 0 0 0 0
"ASV1103" 0 11 0 1 0 2 1 0 0 0 0 0 0 1 0 0 11 0 0 0 0 0 1 0 0 0 0 0 0 0 0 0 0 0 0 0
"ASV1111" 0 0 0 0 0 2 2 0 0 0 4 2 2 0 0 1 2 2 0 0 2 4 8 0 0 2 5 0 0 0 6 2 0 0 5 0
"ASV1117" 3 0 0 0 0 1 1 0 0 0 3 2 2 0 3 1 1 1 0 2 2 2 5 0 0 2 7 0 0 0 8 13 2 0 4 0
"ASV1118" 0 0 0 0 0 0 0 0 0 0 1 0 0 0 0 0 0 5 0 0 0 0 0 40 0 0 0 0 6 0 4 2 0 0 0 1
"ASV1119" 0 0 0 0 0 0 0 0 0 0 0 0 0 0 0 0 0 0 0 0 0 26 0 0 0 0 0 0 0 0 0 0 0 0 0 0
"ASV1120" 0 0 0 0 0 0 0 0 0 0 0 0 0 83 0 0 0 0 0 0 0 0 0 0 0 0 0 0 0 0 0 0 0 0 0 0
"ASV1129" 0 0 0 0 0 0 0 0 0 0 0 0 0 46 0 0 0 0 0 0 0 0 0 0 0 0 0 0 0 0 0 0 0 0 0 0
"ASV1133" 0 0 6 0 0 3 0 18 7 0 0 0 2 0 0 0 0 4 14 0 0 0 0 0 0 0 0 0 1 0 0 0 4 0 0 0
"ASV1134" 0 0 0 0 0 0 0 0 0 0 0 0 0 0 0 0 0 47 0 0 17 0 0 0 0 0 0 0 0 0 0 0 0 0 0 0
"ASV1137" 0 0 0 0 0 0 0 0 0 0 0 0 0 0 0 0 20 0 0 0 19 0 0 0 0 0 0 0 0 0 0 0 0 0 0 0
"ASV1138" 0 1 4 6 4 0 0 3 6 4 0 0 0 3 0 0 0 0 0 0 0 0 0 0 0 0 0 3 3 0 0 0 0 4 0 5
"ASV1148" 0 4 0 0 0 3 0 0 0 0 0 0 1 23 0 0 3 22 1 0 0 2 1 0 12 0 0 0 0 0 0 0 0 0 0 0
"ASV1151" 0 0 0 0 0 0 4 0 0 0 0 0 0 0 0 11 0 0 0 0 0 0 0 0 0 0 6 0 0 27 0 0 0 0 0 0
"ASV1153" 0 0 4 0 0 0 0 0 0 2 0 0 0 0 0 0 0 0 9 0 0 2 0 15 0 0 8 0 0 0 0 12 0 0 0 0
"ASV1155" 0 0 0 0 0 0 0 0 3 0 0 1 0 0 0 0 0 0 0 0 0 0 0 0 0 0 0 0 30 0 0 0 4 0 0 0
"ASV1164" 0 0 0 0 0 0 0 0 0 0 0 5 0 0 0 0 0 0 0 0 0 0 0 1 0 0 0 0 18 0 0 0 0 0 0 0
"ASV1166" 0 0 0 0 0 0 0 0 0 0 0 0 1 0 0 0 0 0 34 0 0 0 41 1 0 0 0 0 1 0 0 0 0 0 0 0
"ASV1169" 0 1 0 0 0 0 0 1 0 0 4 0 1 0 0 9 11 1 0 0 0 7 3 0 0 1 10 1 0 0 2 0 0 0 0 0
"ASV1174" 1 0 0 0 0 0 0 0 0 0 0 0 0 0 0 0 0 0 0 0 0 0 0 0 0 0 0 0 28 0 0 3 0 15 0 0
"ASV1179" 0 9 0 2 0 0 10 1 6 0 6 0 0 0 0 0 0 0 0 0 0 0 0 0 0 0 0 1 0 0 0 0 0 0 0 0
"ASV1180" 0 0 5 0 5 0 0 0 3 0 0 0 13 0 0 0 16 1 0 0 0 0 4 0 0 0 0 0 0 0 0 0 13 0 0 0
"ASV1989" 0 0 0 0 0 0 0 0 0 0 0 0 0 0 0 0 0 0 0 17 0 0 0 0 0 0 0 0 0 0 0 0 0 0 0 0
"ASV1990" 0 0 0 0 0 0 0 0 0 0 0 0 0 16 0 0 3 0 0 0 0 0 0 0 0 0 0 0 0 0 0 0 0 0 0 0
"ASV1992" 0 0 0 0 0 0 0 0 0 0 0 0 0 0 0 0 0 0 0 0 0 0 0 0 5 0 0 0 0 0 18 0 8 0 7 0
"ASV1996" 0 0 0 0 0 0 0 0 0 0 0 0 0 0 0 0 0 0 0 0 0 0 0 0 8 0 0 0 16 0 0 0 0 0 5 0
"ASV1997" 0 0 0 0 0 0 0 0 0 0 0 0 0 0 0 0 0 0 0 0 0 0 0 0 0 0 0 0 0 0 0 0 18 0 4 0
"ASV1998" 0 0 0 0 0 0 0 0 0 0 0 0 0 0 0 0 0 0 0 0 0 0 0 0 0 0 0 0 0 0 0 0 0 0 0 15
"ASV1999" 0 0 0 3 0 0 0 0 0 0 9 0 0 0 0 0 0 0 0 0 0 0 2 0 0 0 8 0 0 0 3 0 0 0 0 0
"ASV2001" 0 0 0 0 0 0 0 0 0 0 0 0 0 0 13 0 0 0 0 0 0 0 0 0 0 0 0 0 0 0 0 0 0 0 0 0
"ASV2004" 0 0 0 0 0 0 0 0 0 0 0 0 0 0 0 0 0 0 0 0 0 0 0 0 0 0 0 18 0 0 0 0 0 0 0 0
"ASV2006" 0 0 12 0 0 0 0 0 0 0 1 0 0 0 0 0 0 0 0 0 0 0 0 0 0 0 0 0 0 0 0 0 0 0 0 0
"ASV2008" 0 0 0 12 0 0 0 0 0 0 0 0 0 0 0 0 0 0 0 0 0 0 0 0 0 0 0 0 0 0 0 0 0 0 0 5
"ASV2010" 0 0 0 0 0 0 0 0 0 0 0 0 0 0 0 0 0 0 0 0 0 0 0 0 17 0 0 0 0 0 0 0 0 0 0 0
"ASV2013" 0 0 0 0 0 0 0 0 0 0 0 0 0 0 0 0 0 0 0 0 0 0 0 0 0 22 0 0 0 0 0 0 0 0 0 0
"ASV2015" 0 1 0 0 0 0 6 0 4 4 0 0 0 0 0 0 0 0 2 0 0 0 0 0 0 0 0 7 0 0 6 0 0 0 3 0
"ASV2018" 0 0 0 0 0 0 0 0 0 1 0 1 0 0 0 0 0 0 0 24 0 0 0 0 0 0 0 0 0 0 0 0 0 0 0 0
"ASV2021" 0 0 0 0 0 0 0 0 0 0 0 0 0 0 0 0 0 0 0 0 0 0 0 0 12 0 0 0 0 0 0 0 0 0 0 0
"ASV2025" 0 0 0 0 0 0 0 0 0 0 0 0 0 0 0 0 0 0 0 0 0 1 1 0 0 0 1 0 0 25 0 0 0 0 0 0
"ASV2038" 0 0 0 0 0 0 0 0 1 0 0 0 0 0 0 0 0 0 0 0 0 0 0 0 0 0 0 0 0 0 0 0 0 17 0 0
"ASV2059" 0 0 0 15 0 0 0 0 0 0 0 0 0 0 0 0 0 0 0 0 0 0 0 0 0 0 0 0 0 0 0 0 0 0 0 0
"ASV2060" 0 0 1 0 1 0 1 0 0 1 0 5 2 0 0 0 0 0 0 0 0 0 4 0 0 0 0 0 0 0 0 0 0 0 0 0
"ASV2062" 0 0 1 1 0 0 0 1 0 1 2 1 0 0 0 1 2 1 0 0 0 2 5 0 0 2 4 0 0 0 1 1 0 0 1 0
"ASV2065" 0 0 0 0 0 0 0 0 0 0 0 0 0 0 1 0 0 0 0 23 0 0 0 0 0 0 0 0 0 0 0 0 0 0 0 0
"ASV2070" 0 0 0 0 0 0 0 0 0 0 0 0 0 0 0 0 0 0 0 0 0 0 0 0 2 0 0 0 4 0 0 0 0 0 14 0
"ASV2071" 0 1 2 5 4 0 7 0 0 0 0 0 0 0 0 0 0 0 8 0 0 0 0 0 0 0 0 0 0 0 0 0 0 0 0 0
"ASV2076" 0 2 0 0 0 0 0 0 3 0 0 1 0 0 6 0 0 0 0 1 12 0 0 0 0 0 12 0 0 0 0 0 0 0 0 0
"ASV2080" 0 0 0 0 0 0 0 0 0 0 0 0 0 0 0 0 1 25 0 0 2 0 0 0 0 0 0 0 0 0 0 0 0 0 0 0
"ASV2083" 0 0 0 0 0 0 0 0 0 0 0 0 0 0 0 0 0 0 0 0 0 0 0 0 31 0 0 0 0 0 0 0 0 0 0 0
"ASV2084" 0 0 15 0 0 0 0 0 0 0 0 0 0 0 0 0 0 0 0 0 0 0 0 0 0 0 0 3 2 0 0 0 0 0 0 1
"ASV2085" 0 0 0 0 2 0 0 0 0 0 0 0 0 0 0 0 0 0 0 0 0 0 0 0 0 0 0 1 0 0 0 14 0 0 1 0
"ASV2086" 0 0 0 0 0 0 0 0 0 0 0 0 0 0 0 0 0 0 0 0 0 0 0 0 0 0 0 0 0 0 0 17 0 0 0 0
"ASV2091" 0 0 0 0 0 0 0 0 0 0 0 0 0 0 0 0 15 0 0 0 0 0 0 0 0 0 0 0 0 0 0 0 0 0 0 0
"ASV2100" 0 0 0 0 0 0 0 0 0 0 0 0 0 0 27 0 0 0 0 0 0 0 0 0 0 0 0 0 0 0 0 0 0 0 0 0
"ASV2114" 0 0 0 0 0 0 0 0 0 0 0 0 0 0 0 0 0 0 0 0 0 0 0 0 0 0 0 0 0 0 0 0 0 17 0 0
"ASV2115" 0 0 0 0 0 0 0 0 0 0 0 0 0 0 2 0 0 0 0 0 0 0 0 0 0 0 0 0 0 0 0 0 0 0 0 19
"ASV2120" 0 0 0 0 0 0 0 0 0 0 0 0 0 0 0 0 0 15 0 0 0 0 0 0 0 0 0 0 0 0 0 0 0 0 0 0
"ASV2129" 0 0 0 0 0 0 0 17 0 0 0 0 0 0 0 0 0 0 0 0 0 0 9 0 9 0 0 0 0 0 0 0 0 0 0 0
"ASV2136" 0 3 0 0 2 0 1 0 0 4 2 0 0 0 0 0 0 0 0 0 0 0 0 0 0 0 0 0 3 0 0 0 0 0 0 0
"ASV2137" 11 3 1 4 0 0 0 0 0 0 0 0 0 0 0 0 0 3 0 0 0 0 0 0 0 0 0 0 0 0 0 0 0 18 0 0
"ASV2139" 0 0 0 0 0 0 0 0 0 0 0 0 0 0 0 0 0 12 0 0 0 0 0 0 0 0 0 0 0 0 0 0 0 0 0 0
"ASV1361" 0 4 0 0 0 0 8 2 0 0 12 0 0 0 0 0 0 0 0 0 0 0 0 0 0 0 6 0 0 0 0 0 0 0 0 0
"ASV1366" 1 0 0 0 0 0 0 0 0 1 1 0 0 34 0 0 0 0 0 0 0 0 0 0 0 0 0 0 0 0 0 0 0 0 0 0
"ASV1367" 0 0 0 0 0 0 0 0 0 0 1 0 0 0 0 0 0 0 7 0 0 0 0 0 29 0 0 0 0 0 8 0 1 0 0 0
"ASV1369" 0 0 0 0 0 0 0 0 0 0 1 0 0 0 0 1 1 0 0 0 0 0 0 0 0 0 0 1 27 0 0 0 0 0 0 0
"ASV1370" 0 0 0 0 0 0 0 0 0 0 0 0 0 0 0 0 0 0 1 0 0 0 0 0 0 0 0 46 0 0 0 0 0 0 0 0
"ASV1373" 0 0 0 0 0 0 0 0 0 0 0 0 0 0 0 0 35 0 0 0 0 0 0 0 0 0 0 0 0 0 0 0 0 0 0 0
"ASV1376" 0 0 0 0 0 0 0 0 0 0 0 0 0 0 0 0 0 0 0 0 0 0 0 0 0 0 0 0 0 0 0 0 0 0 35 0
"ASV1377" 0 0 0 0 1 0 0 2 0 0 2 0 0 0 5 0 8 0 0 0 0 0 0 0 0 3 1 0 2 0 0 0 0 27 1 4
"ASV1378" 0 0 0 0 0 0 0 0 31 0 0 0 0 0 0 0 0 0 0 0 0 0 0 0 0 0 0 0 0 0 0 0 0 0 0 0
"ASV1380" 1 0 0 0 0 0 0 3 0 0 0 0 0 0 0 30 0 0 5 0 0 0 0 0 0 0 0 0 0 0 0 0 0 0 0 0
"ASV1385" 0 0 0 0 0 0 0 0 0 0 0 0 0 0 0 28 0 0 0 0 0 0 0 0 0 0 0 0 0 0 0 0 0 0 0 0
"ASV1390" 0 5 2 0 0 0 0 1 0 0 0 0 0 23 0 0 0 0 0 19 0 9 0 0 1 0 0 0 0 0 2 1 0 0 0 0
"ASV1400" 3 0 0 0 6 0 0 1 0 1 10 0 0 0 0 0 0 24 0 0 0 0 0 0 0 0 0 0 0 0 0 0 0 0 0 0
"ASV1402" 0 0 2 0 1 0 3 0 0 0 0 1 2 0 0 0 0 2 0 0 1 1 5 0 0 0 1 0 0 0 7 0 0 0 0 2
"ASV1405" 0 0 0 0 0 0 0 0 0 0 0 0 0 0 0 0 0 0 0 1 0 0 0 0 0 0 0 0 27 0 2 0 0 0 0 0
"ASV1406" 0 1 0 0 0 0 0 0 0 0 0 0 0 1 0 0 5 0 0 0 0 0 0 0 1 0 0 0 0 0 0 0 0 0 22 0
"ASV1407" 0 0 0 0 0 7 1 0 2 0 1 0 0 0 0 0 0 0 0 0 0 0 0 0 0 0 0 0 0 0 0 0 0 0 0 28
"ASV1410" 0 0 0 0 0 0 0 0 0 0 0 0 0 0 0 0 0 0 0 0 0 0 0 0 30 0 0 0 3 0 0 0 0 0 0 0
"ASV1416" 0 0 0 0 1 0 3 0 0 0 2 1 5 0 0 1 1 2 0 1 1 2 6 0 0 0 3 0 0 0 3 0 0 0 2 0
"ASV1417" 0 0 0 0 0 0 0 1 0 0 0 0 0 0 0 0 0 0 0 0 0 0 0 39 0 0 0 0 0 0 0 0 0 0 0 0
"ASV1422" 0 0 0 4 0 0 0 0 0 0 0 0 17 12 3 0 0 0 0 0 0 0 0 0 0 0 0 0 0 0 0 0 0 0 0 7
"ASV1425" 0 0 1 0 0 0 0 0 0 0 0 0 0 0 0 0 0 0 0 0 0 0 0 0 0 0 26 0 0 0 0 0 0 0 0 0
"ASV1426" 0 0 0 0 0 0 0 0 0 0 0 0 0 0 0 0 0 0 0 28 0 0 0 0 0 0 0 0 0 0 0 0 0 0 0 0
"ASV1427" 0 0 0 0 0 0 0 0 0 0 0 0 0 0 0 0 0 0 0 0 0 0 0 0 0 0 20 0 16 0 0 0 3 0 1 0
"ASV1430" 0 0 0 0 0 0 0 0 0 0 0 0 0 0 0 24 0 0 0 0 0 0 0 0 0 0 0 0 0 0 0 0 0 0 0 0
"ASV1431" 21 0 6 0 0 3 11 0 0 0 6 0 0 0 0 0 0 0 0 0 0 0 0 0 0 0 0 0 0 0 0 0 0 0 0 0
"ASV1432" 0 0 0 0 0 0 0 0 0 0 0 0 0 15 0 0 1 0 0 0 0 0 52 0 0 0 0 0 0 0 0 0 0 0 0 0
"ASV1434" 0 0 0 0 0 0 0 0 0 0 5 0 0 0 0 0 0 0 0 0 0 0 0 0 0 0 0 0 32 0 0 0 0 0 0 0
"ASV1436" 0 0 0 0 0 0 1 0 0 0 0 0 31 0 0 0 0 0 0 0 0 0 0 0 0 0 0 0 0 0 0 0 0 0 0 0
"ASV1437" 0 0 0 0 0 0 0 0 0 0 0 0 0 5 20 1 9 0 0 0 2 0 4 0 0 0 0 1 0 0 3 0 0 0 0 0
"ASV1438" 0 0 0 0 1 0 0 0 0 0 0 0 0 0 0 0 22 0 0 0 0 0 0 0 0 0 0 0 0 0 0 0 0 0 0 0
"ASV1446" 0 0 0 0 0 0 0 0 0 0 0 0 0 0 0 0 0 0 0 0 0 0 0 0 0 0 0 0 21 0 7 0 0 0 0 0
"ASV1448" 0 0 0 0 0 0 0 0 0 0 0 0 0 0 0 0 0 0 0 0 0 0 0 0 0 0 0 0 26 0 0 0 0 0 0 0
"ASV1450" 0 0 0 0 0 0 0 0 0 0 0 0 0 0 0 0 0 0 0 0 0 0 0 0 0 0 0 36 0 0 0 0 0 0 0 0
"ASV1451" 0 0 0 2 0 0 0 0 0 0 0 0 0 0 0 0 18 0 0 0 0 0 0 0 0 0 0 0 0 0 0 13 0 0 0 0
"ASV1452" 0 0 0 0 3 0 0 0 0 1 0 0 0 0 1 0 0 0 0 0 0 0 18 0 0 0 31 0 0 0 0 0 0 0 2 0
"ASV1459" 15 0 0 0 0 0 0 0 0 0 0 0 0 0 0 0 0 0 0 0 0 0 0 0 20 16 0 0 0 0 0 0 0 0 0 0
"ASV1461" 0 3 0 0 0 0 0 0 1 0 0 0 0 0 7 0 1 0 0 0 0 0 0 0 0 0 0 0 0 0 0 0 0 0 0 15
"ASV1462" 0 0 0 0 0 0 6 0 1 0 0 0 0 0 0 0 0 3 0 0 0 1 0 0 0 0 0 16 0 0 1 0 0 0 0 0
"ASV1466" 0 2 0 0 0 0 0 0 1 0 0 0 0 0 0 0 0 0 0 0 56 0 0 0 1 0 0 0 0 0 0 0 0 0 0 0
"ASV1468" 0 0 0 0 0 0 0 0 0 0 0 8 0 0 0 27 0 0 0 0 0 0 0 0 0 0 0 0 0 0 0 0 0 0 0 0
"ASV1469" 0 10 0 4 13 0 0 0 0 0 1 0 0 0 0 0 0 0 0 0 0 0 0 0 0 0 0 0 0 0 0 0 36 0 0 0
"ASV1476" 0 2 0 3 0 1 3 1 3 3 3 2 18 0 14 7 8 3 21 3 2 1 12 3 2 3 3 3 6 0 8 4 18 3 6 4
"ASV1486" 0 0 0 0 0 1 0 0 0 0 0 0 1 0 0 1 0 0 0 0 0 0 0 0 1 0 2 0 0 0 1 34 0 0 0 1
"ASV1487" 0 0 1 0 0 0 0 1 0 0 12 0 0 0 7 0 0 0 0 0 2 0 1 0 0 0 0 0 4 0 4 0 0 0 0 0
"ASV1489" 0 0 0 0 0 0 0 5 0 0 0 0 0 0 0 0 0 2 0 0 0 0 0 4 0 0 0 0 18 0 0 0 0 0 0 0
"ASV1494" 0 0 0 0 0 0 0 0 0 0 0 0 0 0 0 0 0 0 0 0 0 0 0 0 34 0 0 0 0 0 0 0 0 0 0 0
"ASV1495" 0 0 0 0 0 0 0 0 0 0 0 0 0 0 0 0 0 0 0 0 0 0 0 0 0 0 0 0 0 0 0 0 0 0 0 30
"ASV1498" 0 0 0 0 0 0 0 0 0 0 0 0 0 0 0 0 0 0 0 0 0 0 0 0 0 0 0 63 0 0 0 0 0 0 0 0
"ASV1504" 4 2 2 21 2 0 0 3 0 5 4 2 0 0 0 0 0 0 0 1 0 0 0 0 0 0 1 0 1 0 0 0 0 2 0 0
"ASV1826" 0 4 0 0 0 0 0 0 6 0 0 0 0 13 0 0 0 0 0 0 0 0 10 0 0 0 0 0 0 0 0 0 0 3 0 0
"ASV1827" 18 0 0 3 0 1 0 0 3 9 3 0 0 4 2 0 0 0 0 0 0 0 0 0 11 0 8 0 11 0 5 8 0 9 0 16
"ASV1835" 0 0 0 0 0 0 0 0 0 0 0 0 0 0 0 0 0 0 0 0 0 13 0 0 0 0 0 0 0 0 12 0 0 0 0 0
"ASV1836" 0 0 0 0 0 0 0 0 0 0 0 0 0 0 0 0 0 0 0 0 0 0 0 0 0 0 0 0 0 0 0 0 0 33 0 0
"ASV1838" 0 0 0 0 0 0 0 0 0 0 0 0 0 0 0 0 0 0 0 0 0 0 0 0 0 0 0 0 0 0 15 0 0 0 0 0
"ASV1841" 0 0 0 0 0 0 0 0 0 0 0 0 0 0 0 0 0 0 0 0 0 0 0 0 0 0 0 0 17 0 0 0 0 0 0 0
"ASV1844" 0 0 0 0 0 0 0 0 0 0 0 0 0 0 0 0 0 18 0 0 0 0 0 0 0 0 0 0 0 0 0 0 0 0 0 0
"ASV1847" 0 0 0 0 0 0 0 0 0 0 0 0 0 0 0 0 0 0 0 0 0 0 0 0 0 0 0 0 32 0 0 0 11 0 0 0
"ASV1850" 8 4 0 0 0 0 0 0 0 0 0 0 4 0 0 0 0 0 0 0 0 18 0 0 0 0 4 0 0 0 0 0 0 0 0 0
"ASV1851" 0 0 0 3 0 5 0 0 2 2 8 0 0 0 0 0 0 0 11 0 8 3 0 0 0 0 0 0 0 0 0 0 0 0 0 0
"ASV1855" 0 0 0 0 0 0 0 0 0 0 0 0 0 0 0 0 0 0 0 0 0 0 0 0 0 0 0 20 0 0 0 0 0 0 0 0
"ASV1856" 0 0 0 0 0 0 0 0 0 0 0 0 0 0 0 0 0 0 12 0 0 0 0 0 0 0 0 0 0 0 0 0 0 0 0 0
"ASV1861" 0 0 0 0 0 0 0 0 0 0 0 0 0 0 0 0 0 0 0 0 0 0 0 0 0 20 0 0 0 0 0 0 0 0 0 0
"ASV1864" 0 0 0 0 0 0 0 0 0 0 0 0 0 0 3 0 0 0 0 0 0 0 0 0 0 30 0 0 0 0 0 0 0 0 0 0
"ASV1871" 0 0 0 0 0 0 0 0 0 0 0 0 0 0 0 0 0 0 0 0 0 0 0 0 0 0 0 0 21 0 0 0 0 0 0 0
"ASV1872" 0 0 0 0 0 0 0 0 0 0 0 0 0 0 0 0 0 3 0 0 0 0 0 0 0 0 21 0 0 0 0 0 0 0 0 0
"ASV1873" 0 0 0 0 0 0 0 0 0 0 0 0 0 0 0 0 0 0 0 0 0 0 0 0 0 0 0 0 0 0 0 15 0 0 0 0
"ASV1876" 0 0 0 0 0 0 0 0 0 0 0 0 0 0 0 0 0 0 0 0 0 0 0 0 0 0 0 0 0 0 0 0 0 19 0 0
"ASV1877" 7 0 0 0 0 0 0 0 0 0 1 0 0 0 0 0 0 0 0 0 0 0 0 0 0 11 0 0 8 0 0 0 0 0 0 0
"ASV1879" 0 0 0 0 0 0 0 0 0 0 0 0 0 0 0 0 0 0 0 0 0 0 0 0 0 35 0 0 0 0 0 0 0 0 0 0
"ASV1882" 2 0 0 0 0 0 0 0 0 0 0 0 0 0 0 0 6 0 0 0 0 0 0 0 0 0 8 0 10 0 0 0 0 0 14 0
"ASV1883" 0 0 20 0 0 0 0 0 0 0 0 0 0 0 0 0 0 0 0 0 0 0 0 0 0 0 0 0 0 0 0 0 0 0 0 0
"ASV1889" 0 0 18 0 0 0 0 0 0 4 0 5 0 0 0 0 0 0 3 0 0 0 0 0 0 0 14 0 0 0 0 0 0 0 0 0
"ASV1893" 0 0 0 0 0 0 0 0 0 0 0 0 15 0 0 0 0 0 0 0 0 0 0 0 0 0 0 0 0 0 0 0 0 0 0 0
"ASV1898" 0 0 0 0 0 0 0 0 0 0 0 0 1 0 0 0 0 0 0 0 7 0 0 0 0 20 0 0 0 0 0 5 3 0 0 0
"ASV1901" 0 0 0 0 0 0 0 0 0 0 0 0 0 0 0 0 0 0 0 0 0 0 0 0 0 0 0 0 0 32 0 0 0 0 12 0
"ASV1902" 0 0 0 0 0 0 0 0 0 0 0 0 0 19 0 0 0 0 0 0 0 0 0 0 0 0 0 0 0 0 0 0 0 0 0 0
"ASV1904" 0 0 0 0 0 0 0 0 0 0 0 0 0 0 0 0 0 0 0 0 0 0 0 0 15 0 0 0 0 0 0 0 0 0 0 0
"ASV1907" 0 0 0 0 0 0 0 0 0 0 6 0 0 0 7 0 0 0 0 0 0 0 0 0 0 0 13 0 0 0 0 0 0 0 0 0
"ASV1911" 4 3 0 0 0 3 18 0 0 0 6 0 0 0 0 0 0 0 0 0 0 0 0 0 0 0 0 0 0 0 0 0 0 0 0 0
"ASV1913" 0 0 1 0 0 0 0 0 0 0 0 0 0 0 0 0 0 0 0 0 0 0 0 0 0 0 0 0 27 0 0 0 0 0 0 0
"ASV1918" 0 0 0 0 0 0 3 10 0 0 0 0 0 0 1 0 4 1 0 0 0 0 1 0 0 0 0 0 0 0 0 0 0 0 0 0
"ASV1921" 0 7 0 0 0 0 0 0 9 0 0 4 0 0 0 0 0 0 0 0 0 0 0 0 0 0 0 0 0 0 0 0 0 0 0 0
"ASV1923" 0 0 0 0 0 0 0 0 0 0 0 0 0 0 0 0 0 0 0 0 4 0 0 8 0 21 0 0 0 0 0 0 0 0 0 0
"ASV1928" 0 0 0 0 0 0 2 2 1 1 2 1 2 0 1 0 1 1 0 0 1 0 3 0 0 1 2 0 0 0 1 0 0 0 0 0
"ASV1933" 0 0 0 0 0 0 0 0 0 1 0 0 0 0 0 0 0 0 15 0 0 0 0 0 0 0 0 0 0 0 0 0 0 0 0 0
"ASV1935" 0 0 0 0 0 0 0 0 0 0 0 0 0 0 0 0 0 0 2 0 0 0 0 3 4 10 0 5 7 0 2 0 0 6 1 0
"ASV1936" 0 0 0 0 0 1 1 0 1 0 2 0 0 0 0 0 4 1 16 0 0 1 1 0 0 0 0 0 1 0 1 0 1 0 1 0
"ASV1942" 0 0 0 0 0 0 0 0 0 0 0 0 0 0 0 0 0 0 0 0 0 0 12 0 0 0 0 0 0 0 0 0 0 0 0 0
"ASV1943" 0 0 0 0 0 0 0 0 0 0 0 0 0 0 0 0 0 0 0 0 0 0 0 0 0 0 0 0 0 21 0 0 0 0 0 0
"ASV1945" 0 0 0 0 0 0 0 0 0 0 0 0 0 13 0 0 7 0 0 0 0 0 0 0 0 0 0 0 0 0 0 0 0 0 0 0
"ASV1946" 0 0 0 0 0 0 0 0 0 0 0 0 0 0 0 0 0 0 0 0 0 0 0 0 0 0 0 21 0 0 0 0 0 0 0 0
"ASV1949" 0 0 0 0 0 0 0 0 0 0 0 0 0 0 0 0 0 0 0 0 0 0 0 9 0 0 11 0 0 0 0 0 0 0 0 0
"ASV1950" 0 0 0 0 0 0 0 0 0 0 0 0 0 0 0 0 0 0 0 0 0 0 0 0 0 0 0 0 18 0 0 0 0 0 0 0
"ASV1952" 0 0 0 0 0 0 0 0 0 0 0 0 0 0 0 0 0 0 0 22 0 0 0 0 0 0 0 0 0 0 0 0 0 0 0 0
"ASV1953" 0 0 0 0 0 0 0 0 0 0 0 0 0 0 4 0 0 0 0 0 0 0 0 0 0 13 0 0 0 0 0 0 0 0 0 0
"ASV1958" 0 0 0 0 0 0 0 0 0 0 0 0 0 0 0 0 0 15 0 0 0 0 0 0 0 0 0 0 0 0 0 0 0 0 0 0
"ASV1959" 0 0 3 0 0 0 0 0 0 0 0 0 0 0 7 0 14 0 0 0 0 0 0 0 0 0 0 0 0 0 9 0 0 0 0 0
"ASV1961" 0 0 0 0 0 0 0 0 0 0 0 0 0 0 0 0 0 0 0 0 0 0 0 0 0 0 0 0 0 0 0 0 0 0 0 14
"ASV1962" 0 0 0 0 0 0 0 0 0 0 0 0 0 0 0 0 0 0 0 0 0 0 0 0 0 0 0 0 0 0 0 16 0 0 0 0
"ASV1963" 0 7 10 0 2 0 0 0 0 1 3 0 0 0 0 0 0 0 0 0 0 4 0 0 0 0 0 0 0 0 0 0 0 0 0 0
"ASV1965" 0 0 0 0 0 0 0 0 0 0 9 0 1 0 0 0 3 0 0 0 0 0 6 0 0 0 11 0 0 0 0 0 0 0 0 0
"ASV1972" 0 0 0 0 0 0 0 0 0 0 0 0 1 0 0 0 0 0 0 0 0 0 0 0 0 0 0 0 0 0 13 0 0 0 0 0
"ASV836" 0 0 0 0 0 0 0 0 0 0 0 0 0 0 0 0 0 0 0 0 0 0 0 0 0 0 0 71 0 0 0 0 0 0 0 0
"ASV837" 0 0 0 0 0 0 0 0 0 0 0 0 0 0 0 10 0 0 0 0 0 1 0 0 6 29 0 0 2 0 0 0 0 0 0 0
"ASV839" 0 0 0 0 0 0 0 0 0 0 1 0 0 0 0 1 0 0 0 0 0 0 0 61 0 0 0 0 0 0 0 0 0 0 0 0
"ASV840" 0 0 0 0 0 0 1 0 0 0 0 0 0 0 0 0 0 0 0 7 0 0 48 0 0 0 0 0 0 0 11 0 0 0 0 0
"ASV846" 0 0 2 1 3 0 0 1 2 3 2 1 2 0 3 0 4 0 0 2 4 4 14 0 0 2 9 0 0 0 14 0 0 0 2 4
"ASV851" 0 0 3 0 0 1 0 0 0 3 0 1 0 0 44 0 0 13 6 0 0 0 2 0 0 0 0 0 0 0 9 0 8 0 0 0
"ASV853" 0 0 0 0 0 0 2 0 0 0 10 1 1 1 2 4 10 1 0 0 1 14 2 0 0 0 12 3 1 0 1 0 0 1 1 0
"ASV856" 0 0 0 0 0 0 0 0 0 0 0 0 0 0 0 1 6 0 0 1 0 1 0 0 0 0 1 0 94 0 0 0 1 0 0 1
"ASV860" 0 1 2 0 3 0 0 0 1 1 3 0 2 1 0 2 11 0 0 18 0 1 3 0 0 0 39 2 1 0 1 1 0 2 0 0
"ASV864" 0 0 1 0 0 0 0 0 0 1 3 0 0 0 6 0 0 0 0 18 0 0 0 0 0 0 0 1 34 0 0 0 0 0 0 0
"ASV872" 0 2 0 0 0 0 0 0 7 0 0 4 0 0 0 0 10 0 0 0 0 0 0 0 0 42 0 0 0 0 0 0 0 0 0 0
"ASV874" 0 0 0 0 0 1 0 9 0 0 0 0 0 0 0 0 0 0 0 0 0 0 0 51 0 0 0 0 0 0 0 0 1 0 0 0
"ASV877" 0 0 0 0 0 0 0 0 0 0 0 0 0 0 0 0 0 0 0 32 0 0 10 6 0 0 0 0 0 0 0 0 0 0 3 0
"ASV881" 0 0 7 0 5 0 0 0 1 1 0 0 0 0 4 0 0 0 0 0 0 0 0 5 0 0 0 0 0 47 0 7 0 0 0 0
"ASV888" 0 0 0 0 0 0 0 12 0 0 0 0 0 0 0 54 5 0 0 0 0 0 0 0 0 0 10 0 0 0 0 0 0 0 0 0
"ASV895" 0 0 0 0 0 0 0 0 0 0 0 0 0 0 0 0 0 59 0 0 0 0 0 0 0 0 0 0 0 0 0 0 0 0 0 0
"ASV896" 0 0 0 0 0 0 0 0 0 0 0 0 0 0 0 0 0 0 0 0 0 0 0 0 0 0 0 0 87 0 0 0 7 0 0 0
"ASV898" 0 0 0 0 0 0 0 0 0 0 0 0 0 0 0 0 0 0 0 0 0 0 0 0 0 0 0 0 51 0 0 0 0 0 0 0
"ASV899" 3 36 14 0 0 18 3 0 5 6 7 0 0 0 0 0 0 0 0 0 0 0 0 0 0 0 0 0 0 1 0 0 3 0 0 0
"ASV901" 0 0 0 0 0 0 0 0 0 0 0 0 0 0 0 0 0 0 0 0 0 0 0 0 26 0 0 0 0 19 0 0 0 0 0 17
"ASV903" 0 14 8 0 0 0 0 3 16 6 3 0 0 0 3 1 4 0 5 7 0 30 0 2 0 0 2 0 24 0 0 3 0 0 0 0
"ASV905" 0 0 0 0 0 0 3 0 3 0 2 4 2 1 4 1 2 1 0 1 2 2 6 0 0 2 0 0 0 0 4 0 0 19 0 10
"ASV912" 0 0 0 1 2 1 3 0 0 0 3 0 0 0 0 0 0 0 1 0 0 0 40 0 0 0 0 1 0 0 0 0 0 0 0 0
"ASV914" 0 0 0 0 0 0 0 0 0 1 0 7 0 0 0 0 0 48 6 0 0 0 0 1 0 0 0 18 0 0 0 0 1 0 0 0
"ASV917" 0 1 0 0 0 0 0 0 0 0 1 0 0 0 0 0 2 0 0 0 0 0 0 0 0 73 0 0 0 0 0 0 0 0 0 0
"ASV1464" 0 0 1 0 0 0 5 1 0 2 2 1 3 10 2 4 2 5 0 2 3 0 24 0 0 2 5 0 0 0 22 0 0 0 1 0
"ASV920" 0 0 0 0 0 0 0 0 0 0 0 0 0 0 0 0 0 0 53 0 0 0 0 0 0 0 0 0 0 0 0 0 0 0 0 0
"ASV921" 0 0 0 0 0 0 0 0 0 0 0 0 0 0 0 0 0 0 0 0 0 0 0 0 0 48 0 0 0 0 0 0 0 0 0 0
"ASV922" 0 0 0 0 0 0 0 0 0 0 0 0 0 0 0 0 0 0 0 0 0 0 0 0 0 0 0 0 0 56 0 0 0 0 0 0
"ASV924" 0 0 0 0 0 0 0 0 0 0 0 0 0 0 0 0 0 0 0 0 0 0 0 0 0 0 54 0 0 0 0 0 0 0 0 0
"ASV928" 0 0 0 0 0 0 0 0 0 0 0 0 0 0 0 0 0 0 0 0 0 0 0 0 0 0 0 48 0 0 0 0 0 0 0 0
"ASV933" 0 1 0 0 0 0 0 0 0 0 0 0 0 7 0 0 0 0 0 0 0 18 0 0 0 0 0 0 0 11 0 0 0 0 0 20
"ASV935" 0 0 0 2 0 0 0 0 0 2 1 1 11 0 0 0 0 0 0 0 1 25 0 0 0 0 0 0 0 0 0 0 12 0 0 15
"ASV937" 0 0 0 0 0 0 2 0 7 0 9 0 0 0 0 6 22 6 0 0 14 0 0 0 3 0 0 0 0 0 0 0 0 0 0 0
"ASV941" 0 0 0 0 0 0 1 0 0 0 0 0 0 0 0 0 0 0 0 1 0 0 0 0 0 0 0 43 0 0 0 0 0 0 0 0
"ASV944" 0 0 0 0 0 0 0 0 0 0 0 0 0 0 1 0 0 0 6 0 0 0 0 35 0 0 0 0 0 0 0 0 0 0 0 0
"ASV947" 0 82 2 0 0 0 1 0 4 1 0 0 7 10 5 0 4 2 0 0 0 2 0 0 0 0 13 6 0 0 0 0 4 0 0 0
"ASV948" 0 0 0 0 0 0 0 0 0 80 0 0 0 0 0 0 0 0 0 0 0 0 0 0 0 0 0 0 0 0 0 0 0 0 0 0
"ASV951" 0 0 0 0 0 0 0 0 0 0 0 0 0 0 0 0 0 0 15 0 0 0 26 0 0 0 0 31 0 0 0 0 0 0 0 0
"ASV952" 0 0 0 0 0 0 0 0 0 0 0 0 0 0 0 0 0 0 0 21 0 0 0 0 0 0 1 0 9 0 2 0 6 0 0 0
"ASV955" 7 0 0 0 0 0 0 0 0 0 0 0 0 0 0 0 0 0 0 0 12 9 0 1 34 0 0 0 5 0 0 0 0 0 0 0
"ASV966" 0 0 0 0 0 0 0 0 0 0 0 0 0 0 3 0 0 41 0 0 0 0 10 0 0 0 2 0 0 0 0 0 0 0 0 0
"ASV967" 0 16 0 0 1 4 9 3 0 1 0 0 0 1 0 2 0 13 0 0 0 0 0 0 0 0 0 0 12 0 0 0 0 0 0 0
"ASV1003" 0 0 0 0 1 0 1 0 0 0 1 1 0 1 0 1 1 0 0 0 0 1 0 1 0 0 1 9 0 24 1 0 0 0 12 0
"ASV977" 4 0 2 1 1 0 3 1 3 1 2 1 0 5 0 1 1 3 0 1 1 0 12 0 0 2 10 0 0 0 4 0 0 0 4 3
"ASV978" 0 0 0 0 0 0 0 0 0 0 2 0 0 0 0 0 4 0 0 19 18 0 0 0 0 0 0 0 2 16 0 0 0 0 7 7
"ASV984" 0 0 0 0 0 0 0 0 5 2 0 0 0 0 0 4 0 4 0 0 0 1 0 11 20 2 4 13 1 0 0 0 4 0 1 1
"ASV986" 5 0 0 0 0 11 0 0 0 0 3 6 3 22 0 0 0 12 0 0 0 0 0 0 0 0 0 0 0 0 0 0 0 0 0 0
"ASV992" 0 0 0 0 0 1 0 0 0 0 0 0 0 0 0 0 0 0 0 0 0 0 1 0 6 1 15 0 4 22 1 0 3 0 0 0
"ASV993" 0 0 0 0 0 0 0 0 3 0 9 0 0 3 0 0 0 0 0 7 0 0 0 31 0 0 0 0 0 0 0 11 0 14 0 0
"ASV2479" 0 0 0 0 0 0 0 0 0 2 0 0 0 0 0 0 13 0 0 0 0 0 0 0 0 0 0 0 0 0 0 0 0 0 0 0
"ASV2480" 0 0 0 0 0 0 0 0 0 0 0 0 0 0 0 0 0 0 0 0 0 0 0 0 0 0 0 0 0 0 0 0 0 0 12 0
"ASV2482" 0 0 0 0 0 0 0 0 0 0 0 0 0 0 0 0 0 0 0 0 0 0 0 0 0 0 0 11 0 0 0 0 0 0 0 0
"ASV2483" 0 0 2 0 0 0 0 0 0 0 0 0 0 0 12 0 0 0 0 0 0 0 0 0 7 0 0 0 0 0 0 0 0 0 0 0
"ASV2485" 0 0 0 0 0 0 0 0 0 0 0 0 0 0 0 0 0 0 0 0 0 21 0 12 0 0 0 0 0 0 0 0 0 0 0 0
"ASV2494" 0 0 0 0 0 0 0 0 0 0 0 0 0 0 0 0 0 0 0 0 0 0 0 0 0 28 0 0 0 0 0 0 0 0 0 0
"ASV2495" 0 0 0 0 0 0 0 0 0 0 0 0 0 0 10 0 0 0 0 0 0 0 7 0 0 0 0 0 0 0 0 0 0 0 0 0
"ASV2498" 0 0 0 0 0 0 0 0 0 0 0 0 0 0 0 0 0 0 0 0 0 0 0 0 0 0 0 0 0 0 0 0 0 0 16 0
"ASV2500" 0 0 0 0 0 0 0 2 0 0 0 0 0 0 19 0 0 0 8 0 0 0 0 0 0 0 0 0 0 0 0 0 0 0 0 0
"ASV2502" 0 0 0 0 0 0 0 0 0 0 0 0 0 0 0 0 0 0 0 0 19 0 0 0 0 0 0 0 0 0 0 0 0 0 0 0
"ASV2504" 0 0 0 0 0 0 0 0 0 0 0 0 0 0 0 0 0 0 0 0 0 0 0 0 0 0 0 0 0 0 0 0 0 14 0 0
"ASV2508" 0 0 0 0 0 0 0 1 2 0 0 0 0 0 0 0 0 0 0 0 0 0 0 12 0 0 0 0 0 0 0 0 0 0 0 0
"ASV2509" 0 2 0 0 0 0 0 0 1 0 0 0 0 0 0 0 0 0 1 0 0 0 0 0 0 0 0 6 18 0 0 0 5 0 0 2
"ASV2513" 0 0 1 0 0 0 2 0 0 0 0 1 1 0 0 0 0 0 0 0 0 0 1 0 0 3 3 0 0 0 1 0 0 0 0 0
"ASV2519" 3 2 0 0 2 4 2 0 0 0 3 5 7 3 2 6 10 3 9 0 4 1 7 3 1 0 0 2 5 3 3 1 7 0 2 3
"ASV2520" 0 0 0 0 0 0 0 0 0 0 0 0 0 0 0 0 0 0 0 0 0 0 0 0 0 0 0 0 0 23 0 0 0 0 0 0
"ASV2527" 0 0 0 0 0 0 0 0 0 0 0 0 0 0 0 0 0 0 0 0 0 0 0 0 0 0 0 0 0 0 0 18 0 0 0 0
"ASV2528" 0 0 0 4 0 7 0 0 0 0 0 0 0 0 0 0 0 0 0 0 0 0 0 0 0 0 0 0 0 0 0 0 0 0 0 0
"ASV2529" 0 0 0 0 0 0 0 0 0 0 0 0 4 0 0 0 0 0 0 23 0 0 0 0 0 0 0 0 0 0 0 0 0 0 0 0
"ASV2534" 0 0 0 0 0 0 0 0 11 0 0 0 0 0 0 0 0 0 0 0 0 0 0 0 0 0 0 0 0 0 0 0 0 0 0 0
"ASV2544" 1 0 0 0 0 0 0 0 0 0 0 0 0 0 0 0 0 0 0 0 0 0 0 0 4 0 0 0 0 0 15 0 0 0 0 0
"ASV2545" 0 0 0 0 1 0 0 3 0 0 0 0 0 0 0 12 0 0 0 0 0 0 0 0 0 0 0 0 0 0 0 0 0 0 0 0
"ASV2550" 0 0 0 0 0 0 0 0 0 0 0 0 0 0 0 0 28 0 0 0 0 0 0 0 0 0 0 0 0 0 0 0 0 0 0 0
"ASV2551" 0 0 0 0 0 0 0 0 0 0 0 0 0 0 0 0 0 0 0 0 0 0 0 0 0 0 0 0 0 0 0 0 0 23 0 0
"ASV2554" 0 0 1 0 0 0 0 0 0 0 0 0 0 0 10 0 0 0 0 0 0 0 0 0 0 0 0 0 0 0 0 0 0 0 0 0
"ASV2555" 0 0 0 0 0 0 0 0 0 0 0 0 0 0 0 0 0 0 0 0 0 0 0 0 0 0 0 0 0 0 0 0 18 0 0 0
"ASV2556" 0 0 0 0 0 0 0 0 0 0 0 0 0 0 0 0 0 0 0 0 0 0 0 0 0 0 0 0 0 0 0 12 0 0 0 0
"ASV2557" 0 0 0 0 0 0 0 0 0 0 0 0 0 0 0 0 0 0 0 0 0 0 0 0 16 0 0 0 0 0 0 0 0 0 0 0
"ASV2561" 0 0 9 0 0 0 0 0 0 0 0 0 0 0 0 0 0 0 0 0 0 0 0 0 0 0 0 0 0 0 0 0 0 0 0 0
"ASV2574" 0 0 0 0 0 0 0 0 0 0 0 0 0 0 0 0 0 0 0 0 0 0 0 0 0 0 0 0 0 17 0 0 0 0 0 0
"ASV2577" 0 0 0 0 0 0 0 0 0 0 0 0 0 0 0 0 0 8 0 0 0 0 0 0 0 0 0 0 0 0 2 0 0 0 0 0
"ASV2578" 0 0 0 0 0 0 0 0 0 0 0 0 0 0 0 0 0 0 0 0 0 18 0 0 0 0 0 0 0 0 0 0 0 0 0 0
"ASV2582" 0 0 0 0 0 0 0 0 0 0 0 0 0 0 10 0 0 0 0 0 7 0 0 0 0 0 0 0 0 0 0 0 0 0 0 0
"ASV2583" 0 0 0 0 0 0 0 0 0 0 0 0 0 0 0 0 0 25 0 0 0 0 0 0 0 0 0 0 0 0 0 0 0 0 0 0
"ASV2586" 0 2 0 0 1 0 0 0 0 0 0 0 0 0 0 0 8 0 0 0 0 0 0 0 0 0 0 1 0 0 0 0 0 0 0 0
"ASV2587" 0 0 0 0 0 0 0 0 0 0 0 0 0 0 0 0 13 0 0 0 0 0 0 0 0 0 0 0 0 0 0 0 0 0 0 0
"ASV2588" 2 0 2 2 2 1 0 3 3 1 0 0 1 1 1 0 2 1 0 0 0 3 1 0 0 0 1 2 1 0 2 2 4 2 0 2
"ASV2594" 0 0 0 0 0 0 0 0 0 0 0 0 0 0 0 0 0 0 0 0 1 0 0 0 13 0 0 0 2 0 0 0 0 0 0 0
"ASV2603" 0 0 0 0 0 0 0 0 0 0 0 0 0 0 0 0 0 0 0 1 0 0 0 0 0 8 0 0 0 0 0 0 0 0 0 0
"ASV2607" 0 0 0 0 0 0 0 1 7 1 0 0 0 0 0 0 0 0 0 0 0 0 0 0 0 0 0 0 3 0 0 0 0 0 0 0
"ASV2608" 0 0 0 0 0 0 2 0 13 0 0 0 0 1 0 0 0 0 0 0 0 0 0 0 0 0 0 0 0 0 0 0 0 0 0 0
"ASV2158" 0 0 0 0 0 0 0 0 0 0 0 0 0 0 0 0 0 0 0 0 0 0 0 0 0 0 0 0 0 24 0 0 0 0 0 0
"ASV2159" 0 0 0 0 0 0 0 0 0 0 0 0 0 11 0 0 0 0 0 1 0 0 0 0 0 0 0 0 7 0 0 0 0 0 0 0
"ASV2164" 1 0 0 0 0 0 0 0 0 0 0 0 0 0 0 0 0 0 0 0 0 0 0 0 0 0 0 0 0 0 0 0 0 13 0 0
"ASV2168" 0 0 0 0 0 0 0 0 0 8 0 4 0 0 0 0 0 0 0 0 0 0 0 0 0 0 0 0 0 0 0 0 0 0 0 0
"ASV2174" 0 0 0 0 0 0 0 0 0 0 0 0 0 0 23 0 0 0 0 0 0 0 0 0 0 0 0 0 0 0 0 0 0 0 0 0
"ASV2181" 0 0 18 0 0 0 0 0 0 0 0 0 0 0 0 0 0 0 0 0 0 0 0 0 0 0 0 0 0 0 0 0 0 0 0 0
"ASV2182" 3 5 2 0 0 5 0 2 4 1 0 0 1 3 0 0 3 0 0 0 1 3 1 0 0 0 0 1 1 0 1 3 3 1 0 0
"ASV2184" 0 0 0 3 0 0 0 0 0 2 0 0 0 0 0 0 0 0 0 0 0 0 6 0 0 0 5 0 0 0 6 0 0 0 6 3
"ASV2187" 0 0 0 0 0 0 0 0 2 2 0 2 0 3 0 0 0 0 0 0 0 0 0 0 0 0 10 0 0 0 0 0 0 0 0 0
"ASV2188" 0 1 0 0 0 0 0 4 0 0 0 0 0 0 0 7 3 0 0 0 0 0 0 0 0 9 0 0 0 0 0 0 0 0 0 0
"ASV2211" 0 0 0 0 0 0 4 0 0 0 0 1 0 0 5 0 7 0 0 0 16 0 0 0 0 0 0 0 0 0 9 0 0 0 0 0
"ASV2212" 0 0 7 0 0 0 0 0 0 0 0 0 0 0 6 0 0 0 0 0 0 0 0 0 0 0 0 0 0 0 0 0 0 0 0 0
"ASV2213" 0 0 1 0 0 1 0 4 0 0 0 2 0 0 0 0 0 0 25 0 0 0 9 0 0 0 0 0 0 0 0 0 0 0 0 0
"ASV2219" 4 0 0 0 0 4 6 0 0 0 1 0 10 0 3 0 1 4 0 3 2 15 8 0 0 6 7 0 0 0 8 1 2 0 2 0
"ASV2220" 0 4 3 0 24 0 0 2 0 0 2 0 0 21 0 0 5 0 0 0 0 4 0 4 0 0 0 0 0 0 0 0 0 9 0 0
"ASV2221" 0 0 0 0 0 0 0 0 0 0 0 0 1 0 0 0 0 0 0 0 0 16 0 0 0 0 0 0 0 0 0 0 0 0 0 0
"ASV2224" 0 0 0 0 0 0 0 0 0 0 0 0 15 0 0 0 0 0 0 0 0 0 0 0 0 0 0 0 0 0 0 0 0 0 0 0
"ASV2226" 0 0 0 0 0 0 0 0 0 0 0 0 0 0 0 0 0 0 0 0 0 0 0 0 0 0 0 11 0 0 0 0 0 0 0 0
"ASV2228" 7 0 0 0 0 0 0 0 6 0 0 0 0 0 0 0 0 0 0 0 0 0 0 0 0 0 0 0 12 0 0 0 0 0 0 0
"ASV2234" 0 0 0 0 0 0 0 0 0 0 0 0 0 0 0 0 0 13 0 0 0 0 0 0 0 0 0 0 0 0 0 0 0 0 0 0
"ASV2235" 2 0 0 0 0 0 0 1 0 0 0 0 0 0 0 0 0 0 0 0 0 0 0 0 0 0 15 0 0 0 0 0 0 0 2 0
"ASV2236" 0 0 0 0 0 0 0 0 0 0 0 0 0 0 0 0 0 0 0 0 0 0 0 0 0 0 0 0 0 0 0 0 0 14 0 0
"ASV2238" 0 0 0 0 0 0 0 0 0 0 0 0 0 0 0 0 0 0 0 0 0 0 0 0 0 0 0 0 11 0 0 0 0 0 0 0
"ASV2239" 0 0 0 0 0 0 0 0 0 0 0 0 0 0 0 0 0 0 0 0 0 0 16 0 0 0 0 0 0 0 0 0 0 0 0 0
"ASV2240" 0 0 0 0 0 0 0 0 0 0 0 0 0 0 0 0 0 0 0 0 0 0 19 0 0 0 0 0 0 0 0 0 0 0 0 0
"ASV2250" 0 0 0 0 0 0 0 0 0 0 0 0 0 0 0 0 0 0 0 0 0 0 0 0 0 0 0 21 0 0 0 0 0 0 0 0
"ASV2251" 0 0 0 0 0 0 0 0 0 0 0 0 0 0 0 0 0 12 0 0 0 0 0 0 0 0 0 0 0 0 0 0 0 0 0 0
"ASV2255" 0 0 0 0 0 0 0 0 0 0 0 0 0 0 0 0 0 0 14 0 14 0 0 0 0 0 0 0 0 0 0 0 0 0 0 0
"ASV2256" 0 0 0 0 0 0 0 0 0 0 0 0 14 0 0 0 0 0 0 0 0 0 0 0 0 0 0 0 0 0 0 0 0 0 0 0
"ASV2260" 0 0 0 0 0 0 0 0 0 0 0 0 0 0 0 0 0 0 0 0 0 0 0 0 0 0 0 0 0 0 0 0 0 0 18 0
"ASV2264" 0 0 0 0 0 0 0 0 0 0 0 0 0 15 0 0 0 0 0 0 0 0 0 0 0 0 0 0 0 0 0 0 0 0 0 0
"ASV2265" 0 0 0 0 0 5 0 0 0 0 0 0 0 0 0 0 0 0 0 0 0 0 0 0 0 0 0 0 0 0 0 0 0 10 0 0
"ASV2267" 0 0 0 0 1 0 0 0 0 0 0 0 3 0 0 0 0 0 1 0 2 3 0 0 2 0 0 25 6 1 2 4 1 0 4 0
"ASV2270" 0 6 0 0 0 0 0 0 0 0 0 0 0 0 0 0 0 0 0 0 0 0 11 0 0 1 0 10 0 0 0 0 0 0 0 0
"ASV2271" 0 0 0 0 0 0 0 0 0 0 0 0 0 0 0 0 0 0 0 0 0 0 10 0 0 0 0 0 0 0 0 0 0 0 0 0
"ASV2272" 0 0 0 0 0 0 0 0 0 0 0 0 0 0 0 0 0 0 0 0 0 0 0 0 0 0 0 0 15 0 0 0 0 0 0 0
"ASV2276" 2 9 1 1 0 0 2 0 15 1 4 0 0 0 0 0 0 0 0 0 0 0 0 0 0 0 0 0 0 0 0 0 0 0 0 0
"ASV2281" 0 0 0 0 0 0 0 0 0 0 0 0 0 0 0 0 0 0 0 0 0 0 12 0 0 0 0 1 0 0 0 0 0 0 0 0
"ASV2285" 3 0 0 0 0 0 0 3 0 0 1 0 2 0 0 0 1 1 0 0 1 0 1 0 0 0 0 0 0 0 0 0 0 0 0 0
"ASV2286" 0 0 0 0 0 0 0 0 0 0 0 0 0 0 0 0 0 0 0 0 0 0 0 0 0 0 0 0 0 0 11 0 0 0 0 0
"ASV2287" 0 0 0 0 0 0 0 0 0 0 0 0 0 0 0 0 1 0 0 0 0 0 0 0 6 0 0 0 0 4 0 0 0 0 0 0
"ASV2292" 0 0 0 0 0 0 0 0 0 0 0 0 0 0 0 0 0 0 0 0 0 0 0 0 0 0 0 0 0 24 0 0 0 0 0 0
"ASV2294" 0 0 0 0 0 0 0 0 0 0 0 0 13 0 0 0 0 0 0 0 0 0 0 0 0 0 0 0 0 0 0 0 0 0 0 0
"ASV2298" 0 0 0 0 0 0 0 0 0 0 0 0 0 0 0 0 0 19 0 0 0 0 0 0 0 0 0 0 0 0 0 0 0 0 0 0
"ASV2300" 0 0 0 0 0 0 0 0 0 0 0 0 0 0 0 0 0 0 0 0 10 0 0 0 0 0 0 0 0 0 0 0 0 0 0 0
"ASV2302" 0 0 0 0 0 0 0 0 0 0 11 0 0 0 0 0 0 0 0 0 0 0 0 0 0 0 0 0 0 0 0 0 0 0 0 0
"ASV2303" 0 0 0 0 0 0 0 0 0 0 0 0 0 0 0 0 0 0 0 0 0 0 0 31 0 0 0 0 0 0 0 0 0 0 0 0
"ASV1212" 0 0 0 0 0 0 0 0 0 0 0 0 0 0 0 0 0 0 0 0 0 0 0 0 0 0 0 0 0 35 0 0 0 0 0 0
"ASV1215" 0 0 7 0 0 0 0 0 0 0 0 0 0 0 0 0 0 0 0 0 0 25 0 0 13 0 0 0 0 0 0 0 0 0 0 0
"ASV1218" 0 0 0 0 0 0 0 0 0 0 0 0 0 0 0 0 0 0 2 0 0 0 0 0 3 0 8 0 0 0 0 49 0 0 0 0
"ASV1224" 0 0 0 0 0 0 0 0 0 0 0 0 0 0 0 0 0 0 0 0 0 0 0 0 4 0 0 0 0 0 0 0 0 0 35 0
"ASV1227" 0 0 0 0 0 0 1 0 0 0 0 0 0 0 0 0 0 0 0 0 13 0 0 0 0 0 10 0 31 0 0 0 0 0 0 15
"ASV1235" 0 0 0 0 0 0 0 0 0 0 0 0 29 0 0 0 0 0 0 0 0 0 0 0 0 0 0 0 0 0 0 0 0 0 0 0
"ASV1238" 0 0 0 0 0 0 0 0 0 0 0 0 0 2 1 0 0 0 0 0 1 0 0 52 0 0 0 1 0 0 0 0 0 0 1 0
"ASV1239" 0 0 0 0 45 0 0 0 0 0 0 0 0 0 0 0 0 0 0 0 0 0 0 0 0 0 0 0 0 0 0 0 0 0 0 0
"ASV1241" 0 0 0 0 0 4 0 0 0 0 0 0 41 0 0 0 0 0 0 0 0 0 0 0 0 0 0 0 0 0 0 0 0 0 0 0
"ASV1245" 9 2 0 0 0 0 19 0 15 0 0 3 0 0 2 7 15 5 0 0 0 0 0 0 0 0 5 0 0 0 12 0 0 0 11 0
"ASV1247" 0 0 0 0 0 0 0 0 0 0 0 0 0 0 0 0 0 0 0 0 0 0 0 0 0 0 0 0 0 0 0 0 0 35 0 0
"ASV1251" 0 0 0 0 0 0 0 0 0 0 0 0 0 0 0 0 0 0 0 0 0 0 0 0 0 0 0 0 0 0 0 0 0 0 37 0
"ASV1254" 0 0 0 0 0 0 0 0 0 0 0 0 0 0 0 0 0 1 0 0 0 36 0 0 0 0 0 0 0 0 0 0 2 0 0 0
"ASV1256" 0 0 0 0 0 0 0 0 0 0 0 0 0 0 0 0 0 0 0 0 0 0 0 0 0 0 0 0 0 0 2 60 0 0 0 0
"ASV1258" 0 0 0 0 0 0 0 0 0 0 0 0 0 0 0 0 0 0 0 0 0 0 0 0 0 0 0 0 35 0 0 0 0 0 0 0
"ASV1259" 0 0 0 0 0 0 0 0 0 0 0 0 0 0 0 0 0 0 0 0 0 0 0 0 0 0 0 0 0 0 0 0 0 0 37 0
"ASV1261" 0 0 0 0 3 0 0 0 0 0 0 0 17 0 0 0 1 3 0 0 0 5 0 0 0 0 0 0 0 0 0 0 0 0 0 6
"ASV1262" 0 0 0 0 0 0 0 0 0 0 0 0 0 0 0 0 0 0 0 0 0 0 0 0 0 0 0 0 27 26 0 0 0 0 0 0
"ASV1264" 3 0 0 0 0 0 0 0 0 0 0 0 0 3 0 0 0 0 0 0 0 0 0 0 0 0 0 0 39 0 0 0 0 0 0 0
"ASV1265" 0 0 0 0 0 0 0 0 0 0 0 0 0 18 7 0 0 8 0 2 0 0 0 0 0 0 1 0 0 0 0 0 0 0 0 0
"ASV1266" 1 0 1 0 0 0 0 0 10 1 0 0 0 0 0 22 0 0 0 0 0 0 17 0 0 7 0 0 0 0 0 13 0 0 0 0
"ASV1276" 13 0 0 0 0 0 2 0 0 0 0 0 0 0 0 0 0 0 0 0 0 0 18 0 13 0 0 0 0 0 0 0 0 1 0 0
"ASV1279" 0 0 0 1 1 0 1 4 3 0 1 0 1 0 1 1 1 2 0 1 2 4 5 0 0 2 3 0 0 0 7 0 0 0 4 0
"ASV1282" 3 0 11 4 8 3 8 3 0 0 0 1 0 0 0 0 0 0 0 0 0 0 0 0 0 0 8 0 0 0 3 0 0 0 12 0
"ASV1795" 0 0 0 0 0 0 0 0 0 0 0 0 0 0 0 0 0 0 0 0 0 0 0 51 0 0 0 0 0 0 0 0 0 0 0 0
"ASV1285" 0 0 0 0 1 0 0 0 0 0 0 0 0 0 0 0 0 0 0 0 0 0 0 0 0 0 0 0 46 0 0 0 0 0 0 0
"ASV1286" 0 0 0 0 0 0 0 0 0 0 0 0 0 0 0 0 0 0 0 0 0 25 0 0 0 0 0 0 0 0 0 0 0 0 0 0
"ASV1291" 0 0 0 0 0 0 0 0 0 0 0 0 0 0 0 0 0 0 0 0 0 0 0 0 0 0 0 0 53 0 0 0 0 0 0 0
"ASV1292" 0 0 0 0 0 0 0 0 0 0 9 0 12 0 0 0 0 0 0 0 0 0 0 20 4 0 2 0 0 0 1 0 19 0 0 0
"ASV1297" 0 0 0 0 0 0 0 0 0 0 0 0 0 0 0 0 0 0 0 0 0 0 0 0 0 0 22 0 0 0 0 0 0 0 0 0
"ASV1298" 0 0 2 0 0 1 0 0 0 0 0 0 3 0 0 0 0 3 0 0 0 0 0 15 0 0 6 0 0 0 0 0 15 0 0 0
"ASV1301" 0 0 0 0 0 0 15 0 0 0 0 0 0 0 0 0 0 0 0 0 0 0 0 0 0 0 0 0 0 0 15 0 0 0 0 0
"ASV1302" 0 0 0 0 0 0 0 0 0 0 0 0 0 0 0 0 0 0 0 10 0 0 0 0 24 0 0 0 0 0 0 0 0 12 0 0
"ASV1303" 4 2 0 0 0 0 0 0 0 0 0 0 28 0 0 0 0 0 0 0 0 0 0 0 0 0 0 0 0 0 0 1 0 0 3 0
"ASV1305" 0 0 0 0 0 0 0 6 1 0 0 0 20 0 0 0 22 0 0 0 0 0 0 0 0 0 0 0 0 0 0 0 0 0 0 0
"ASV1308" 2 0 0 0 0 0 2 0 0 0 0 0 0 0 0 0 0 0 0 0 0 19 0 0 0 0 0 18 0 0 0 6 0 0 0 0
"ASV1309" 0 1 18 5 0 0 0 0 0 8 8 0 0 0 0 0 0 0 0 0 0 0 0 0 0 0 0 0 0 0 0 0 0 0 0 0
"ASV1312" 0 0 0 0 0 0 0 0 0 0 1 0 0 6 0 0 0 0 8 0 0 0 13 0 0 0 0 0 0 0 0 0 0 12 0 0
"ASV1316" 0 0 0 2 0 0 0 0 0 0 0 4 0 0 0 0 0 5 0 0 0 6 0 0 0 0 14 0 0 0 0 4 0 0 0 0
"ASV1320" 0 0 0 0 0 0 0 0 0 0 0 0 0 0 0 0 0 0 0 0 1 0 0 0 0 0 0 0 0 0 1 0 0 0 0 40
"ASV1323" 0 2 2 0 0 0 0 0 0 0 0 0 0 1 0 0 0 0 0 0 0 5 0 48 0 0 0 0 0 0 0 0 6 0 0 0
"ASV1863" 4 8 0 0 0 0 0 0 1 0 0 0 0 0 0 0 0 0 0 0 0 0 0 22 0 0 0 13 0 0 0 0 0 0 0 0
"ASV1329" 0 0 0 0 0 0 0 0 0 0 0 0 36 0 0 0 0 0 0 0 0 0 0 0 0 0 0 0 0 0 0 0 0 0 0 0
"ASV1337" 0 0 0 0 0 0 0 0 0 0 0 0 0 0 0 0 0 1 0 0 0 0 0 0 0 0 0 39 0 0 0 1 0 0 0 0
"ASV1340" 0 0 0 0 0 0 0 0 0 0 0 0 0 0 0 0 0 0 0 0 0 0 0 0 0 0 0 0 0 0 0 0 0 0 32 0
"ASV1342" 8 0 0 0 4 0 0 0 3 0 1 4 2 2 0 0 5 3 0 2 1 0 1 0 0 0 1 0 0 0 8 0 0 0 0 0
"ASV1343" 0 0 0 0 0 0 0 0 0 0 0 0 0 0 0 0 0 0 0 0 0 0 0 0 0 0 0 0 0 50 0 0 0 0 0 0
"ASV1344" 0 0 0 0 0 0 0 0 0 0 0 0 0 0 8 0 0 0 0 0 0 0 0 0 0 0 2 0 18 0 0 0 0 0 0 0
"ASV1663" 0 0 0 0 0 0 0 0 0 0 0 0 0 0 0 0 0 0 0 0 0 0 0 0 0 0 0 0 0 0 28 0 0 0 0 0
"ASV1664" 0 0 0 0 0 0 0 0 0 0 0 0 0 0 0 0 0 0 0 0 0 0 0 0 0 0 0 1 6 0 25 0 0 0 0 0
"ASV1668" 0 0 0 0 0 0 0 0 0 0 0 0 0 0 0 0 0 0 0 0 0 0 0 22 0 0 0 0 0 0 0 0 0 0 0 0
"ASV1670" 0 0 0 0 0 0 0 0 0 0 0 0 0 0 0 0 0 0 0 0 0 0 0 0 0 0 0 0 0 0 19 0 0 0 0 0
"ASV1672" 1 0 0 0 0 0 0 0 46 0 0 0 0 0 0 0 0 0 0 0 0 0 0 0 0 0 0 0 0 0 0 0 0 1 0 0
"ASV1673" 0 0 0 0 0 0 0 0 0 0 0 0 0 0 0 0 0 0 0 0 15 0 0 0 0 0 0 0 0 0 0 0 0 0 0 0
"ASV1674" 0 0 0 0 0 0 0 0 0 0 0 0 0 0 0 0 0 31 0 0 0 0 0 0 0 0 0 0 0 1 0 0 0 0 0 0
"ASV1675" 0 0 0 0 0 0 0 0 0 0 0 0 0 0 0 0 0 0 0 0 0 0 0 18 0 0 0 0 1 0 0 0 0 0 0 0
"ASV1676" 0 0 0 0 0 0 0 0 0 0 0 0 0 0 0 0 20 0 0 0 0 0 0 0 0 0 0 0 0 0 0 0 0 0 0 0
"ASV1679" 0 0 0 0 0 0 0 0 0 0 0 0 0 0 0 0 0 0 0 0 29 0 0 0 0 0 0 0 0 0 0 0 0 0 0 0
"ASV1680" 0 0 0 0 0 0 0 0 2 0 0 0 0 18 0 0 0 0 0 0 0 0 0 0 0 0 0 8 0 0 0 0 0 0 0 0
"ASV1682" 0 0 0 0 0 0 0 0 0 0 0 1 0 0 2 0 0 0 0 5 0 0 3 6 0 0 0 0 0 0 0 4 0 0 0 0
"ASV1683" 0 0 0 0 0 0 0 0 0 0 0 0 0 0 0 0 0 0 0 0 0 0 0 16 0 0 0 0 0 0 0 0 0 0 0 0
"ASV1685" 0 0 0 0 0 0 0 0 0 0 0 0 16 0 0 0 0 0 0 0 0 0 0 0 0 0 0 0 0 0 0 0 0 0 0 0
"ASV1691" 0 0 0 0 0 0 0 0 0 0 0 0 0 0 0 0 0 35 0 0 0 0 0 0 0 0 0 0 0 0 0 0 0 0 0 0
"ASV1695" 0 0 0 0 0 0 0 0 0 0 0 0 0 0 0 0 0 0 0 0 0 0 0 0 0 0 0 0 0 0 3 0 0 25 0 0
"ASV1696" 0 0 0 0 0 0 0 0 0 0 0 0 0 0 0 0 0 0 0 0 0 0 0 0 22 0 0 0 0 0 0 0 0 0 0 0
"ASV1707" 0 0 0 0 0 0 0 0 0 0 0 0 0 0 0 0 0 0 0 0 0 0 0 0 0 0 0 0 0 26 0 0 0 0 0 0
"ASV1708" 0 0 0 0 0 0 0 0 0 0 0 0 0 0 0 0 0 0 0 0 16 0 0 0 0 0 0 0 3 0 0 0 0 9 15 0
"ASV1710" 0 0 0 0 0 0 0 0 0 0 0 0 0 0 0 0 0 0 0 0 6 0 0 0 0 0 0 0 15 0 0 0 0 0 0 0
"ASV1715" 0 0 0 0 0 0 0 0 0 0 0 0 0 0 0 0 0 0 0 0 2 0 31 0 0 0 0 0 0 0 0 0 0 0 1 0
"ASV1719" 1 4 0 0 13 0 0 0 0 3 1 0 0 0 0 1 0 0 0 0 0 0 4 0 2 0 0 0 2 0 0 0 2 0 0 0
"ASV1722" 0 0 0 0 0 4 0 0 0 0 0 0 0 0 11 0 0 0 0 0 0 0 0 0 0 0 0 10 0 16 0 0 0 0 0 0
"ASV1726" 0 0 5 0 0 0 0 1 2 0 3 2 0 2 2 4 0 1 0 0 2 4 4 0 0 0 10 0 0 0 11 0 0 0 0 1
"ASV1734" 0 0 0 0 0 0 0 1 7 1 0 11 0 0 0 0 0 0 0 0 0 0 0 0 0 0 15 0 0 0 0 0 0 0 0 0
"ASV1737" 0 0 1 0 0 0 2 1 1 0 0 2 0 2 0 0 12 4 0 4 0 2 4 0 0 3 2 0 0 13 14 0 0 0 1 0
"ASV1742" 0 0 0 0 0 0 0 0 0 0 0 0 0 0 0 0 0 0 20 0 0 0 0 0 0 0 0 0 0 1 0 0 0 0 0 0
"ASV1743" 0 0 0 0 0 0 0 0 0 0 0 0 0 27 0 0 0 0 0 0 0 0 0 0 0 0 0 0 0 0 0 0 0 0 0 0
"ASV1745" 0 0 0 0 0 0 0 0 0 0 0 0 0 0 0 0 0 0 0 0 0 0 0 0 0 0 0 0 27 0 0 0 0 0 0 0
"ASV1748" 0 0 0 0 0 0 0 0 0 0 0 0 0 0 0 0 0 0 0 0 29 0 0 0 0 0 0 0 0 0 0 0 0 0 0 0
"ASV1753" 0 0 2 0 0 0 0 0 3 0 0 0 0 0 0 0 0 0 0 0 0 0 0 0 0 0 0 0 0 0 0 0 0 22 0 0
"ASV1756" 9 0 0 0 0 0 0 0 0 0 6 0 0 0 0 0 0 0 0 0 0 0 0 0 0 0 0 0 0 0 0 0 0 0 0 0
"ASV1758" 0 0 0 0 0 0 0 0 0 0 0 0 0 0 0 0 0 0 25 0 0 0 0 0 0 0 0 0 0 0 0 0 0 0 0 0
"ASV1766" 0 0 0 0 0 0 0 0 0 0 0 0 1 0 0 0 0 0 0 0 0 0 29 0 0 0 0 0 0 0 0 0 0 0 0 0
"ASV1769" 0 0 0 0 0 0 0 0 0 0 0 0 0 0 0 0 0 0 0 0 0 0 0 0 0 0 0 0 0 29 0 0 0 0 0 0
"ASV1770" 0 0 0 0 0 0 0 0 0 0 0 0 0 0 1 0 0 0 0 0 0 0 0 0 0 0 0 0 0 0 0 0 0 0 0 21
"ASV1772" 0 0 0 0 0 0 2 0 0 0 0 0 0 0 0 0 4 0 0 0 0 0 0 0 0 0 0 0 0 4 0 34 8 0 0 0
"ASV1773" 0 0 0 8 0 0 0 0 0 0 1 0 0 0 0 0 0 0 0 0 0 0 0 0 0 0 5 0 19 0 0 0 0 0 0 0
"ASV1774" 0 0 0 0 0 0 0 24 0 0 0 0 0 0 0 0 0 0 0 0 0 0 0 0 0 0 0 0 0 0 0 0 0 0 0 0
"ASV1775" 0 0 0 0 0 0 0 0 0 0 0 0 0 0 0 0 0 0 0 0 27 0 0 0 0 0 0 0 0 0 0 0 0 0 0 0
"ASV1776" 0 0 0 0 0 0 0 0 1 0 0 0 0 0 0 0 0 0 0 0 0 0 0 0 0 0 2 0 0 0 0 0 0 0 0 35
"ASV1777" 0 0 0 0 0 0 0 0 0 0 0 0 0 0 0 19 0 0 0 0 0 0 0 0 0 0 0 0 0 0 0 0 0 0 0 0
"ASV1778" 0 0 0 0 0 0 0 0 0 0 0 0 0 0 0 0 0 0 0 0 0 0 0 0 0 0 0 0 0 33 0 0 0 0 0 0
"ASV1781" 0 0 0 0 0 0 0 0 0 0 0 0 0 0 0 0 0 0 0 0 0 0 0 0 0 0 0 0 0 0 0 0 0 23 0 0
"ASV1786" 0 0 0 0 0 0 0 0 0 0 0 0 0 0 0 0 0 0 0 0 0 0 0 0 0 0 0 0 19 0 0 0 0 0 0 0
"ASV1787" 0 0 0 0 0 0 0 0 0 0 0 0 0 0 0 0 0 0 0 0 0 0 0 0 0 0 0 0 0 0 0 0 0 0 23 0
"ASV1788" 0 0 0 0 0 0 0 0 0 0 0 0 0 0 0 0 0 0 0 0 1 0 0 0 29 0 0 0 0 0 0 0 0 0 0 0
"ASV1805" 1 4 4 0 0 0 5 1 9 2 4 0 0 0 0 0 0 0 0 8 0 0 0 0 1 0 0 0 0 0 0 0 0 0 0 0
"ASV1808" 0 0 0 0 0 0 0 0 0 0 1 0 0 0 2 0 0 0 0 0 2 5 21 0 0 0 0 0 0 0 0 0 0 0 0 0
"ASV353" 0 0 2 2 0 0 0 0 0 0 6 0 41 12 5 0 0 15 0 0 14 0 0 4 2 34 0 8 3 0 15 1 0 35 8 4
"ASV394" 0 6 0 0 2 0 11 4 20 2 5 20 0 6 0 17 0 2 0 0 0 1 6 1 0 0 0 0 5 0 0 3 5 55 39 0
"ASV369" 0 1 1 1 0 0 0 0 0 0 13 0 0 0 0 2 0 1 1 0 0 21 21 42 0 0 0 0 48 0 0 0 6 0 0 10
"ASV408" 0 0 0 0 0 0 0 0 0 0 0 0 0 0 0 5 0 0 0 9 19 0 0 0 0 0 0 0 0 0 0 0 8 169 0 0
"ASV440" 0 0 0 1 2 0 0 1 0 0 0 1 0 72 21 1 0 0 1 0 3 0 0 0 0 0 65 0 0 0 0 0 0 0 33 0
"ASV374" 0 0 0 0 0 0 0 0 0 0 0 0 2 16 0 46 0 1 9 4 20 0 14 7 21 27 8 0 8 0 0 7 13 0 7 0
"ASV377" 0 0 0 13 0 0 0 0 2 0 0 0 16 38 13 0 0 9 0 13 30 7 12 6 0 0 0 0 25 0 0 1 0 0 0 0
"ASV384" 12 0 14 2 10 0 0 3 0 3 0 8 1 1 0 0 31 0 0 0 0 0 0 44 0 0 0 0 11 1 3 26 17 0 6 0
"ASV417" 0 1 0 0 3 3 0 0 14 4 0 8 0 0 7 0 0 0 0 0 14 2 34 0 0 1 11 0 16 20 14 0 0 1 2 6
"ASV419" 0 0 1 0 0 0 0 0 0 0 0 0 0 6 0 0 0 0 0 0 0 1 0 0 0 0 0 164 0 0 0 0 0 0 0 0
"ASV428" 1 0 0 0 0 0 0 0 1 0 0 6 0 17 0 2 22 2 3 0 19 19 2 53 18 0 10 0 0 0 2 0 2 39 0 0
"ASV386" 0 0 0 0 0 0 0 0 0 0 0 0 0 0 0 0 0 0 0 0 0 0 5 0 0 0 1 0 0 0 0 0 0 0 263 0
"ASV387" 12 0 0 0 1 0 5 3 7 0 8 0 0 0 0 0 0 13 3 0 0 0 0 0 1 0 13 4 1 86 0 3 0 0 7 0
"ASV934" 6 2 10 6 0 2 2 2 15 4 4 5 0 16 8 0 1 0 0 3 18 0 3 0 79 0 14 10 0 0 0 0 24 0 9 2
"ASV390" 7 0 3 0 7 0 15 0 5 0 0 3 9 5 0 0 2 6 0 35 0 0 24 6 0 0 0 0 0 0 0 0 31 0 0 0
"ASV690" 0 0 0 0 0 0 0 0 0 0 0 0 0 0 3 0 0 17 6 13 0 3 1 0 0 2 3 34 14 0 6 66 0 0 3 0
"ASV399" 0 0 6 0 2 0 8 6 11 0 6 4 5 4 5 4 6 10 0 0 3 7 26 0 0 4 26 0 0 0 18 1 0 0 0 0
"ASV403" 0 0 0 0 0 0 0 0 0 0 0 0 0 0 0 62 0 0 0 8 0 0 67 0 0 0 0 0 0 0 0 0 0 0 0 0
"ASV409" 1 0 0 0 0 0 0 4 0 0 9 1 0 0 0 0 0 0 8 130 0 0 0 0 0 0 0 4 1 24 0 1 0 0 5 0
"ASV413" 2 0 2 0 0 9 2 1 0 6 9 6 0 3 0 0 0 0 1 16 31 42 0 0 11 1 0 0 40 0 0 0 2 5 0 0
"ASV414" 8 10 0 0 2 13 0 0 0 0 0 2 5 0 0 34 3 0 0 0 0 0 4 3 81 0 10 2 1 3 10 11 0 1 6 5
"ASV418" 0 0 4 0 0 0 0 0 0 0 0 0 0 0 0 0 0 0 17 38 0 7 0 0 0 0 0 0 0 113 7 0 5 23 0 0
"ASV421" 6 7 0 17 0 0 0 0 1 0 0 0 0 15 0 0 0 0 0 0 0 0 0 0 2 0 0 0 0 0 0 0 0 46 0 30
"ASV423" 6 8 10 0 0 0 6 3 1 0 7 1 2 13 0 50 6 0 0 0 0 14 0 22 0 1 0 4 0 0 0 0 0 0 0 0
"ASV424" 0 5 0 0 0 0 0 0 0 0 0 2 0 0 0 0 0 9 17 0 13 6 0 0 20 0 17 0 0 0 27 18 2 21 0 3
"ASV427" 6 4 41 4 12 15 4 0 15 0 10 6 0 0 0 0 0 0 0 0 0 0 2 0 0 6 28 0 0 0 0 0 0 0 0 6
"ASV429" 0 0 0 0 0 0 0 0 0 0 0 0 0 0 0 1 18 0 0 0 0 0 0 0 0 0 4 0 42 0 0 28 15 0 21 20
"ASV434" 0 0 0 0 8 5 0 0 0 0 0 0 2 0 0 0 1 0 0 0 0 0 0 0 0 0 3 81 0 0 0 16 8 1 0 5
"ASV436" 0 0 0 0 0 0 0 0 4 1 0 0 0 0 0 0 0 0 0 0 0 1 0 0 0 89 3 0 0 42 0 0 0 0 0 0
"ASV444" 1 0 48 2 0 0 19 0 0 11 0 6 0 7 4 27 0 0 24 0 0 0 0 0 0 19 7 1 3 0 7 0 14 0 3 0
"ASV613" 0 5 3 0 0 0 0 0 0 0 0 0 0 38 0 8 27 0 0 32 1 1 11 41 0 0 8 0 0 0 0 0 0 0 1 0
"ASV451" 4 11 7 0 13 9 0 0 5 0 0 0 0 0 0 0 15 0 0 11 0 0 2 13 0 9 14 45 7 4 0 0 3 0 0 0
"ASV461" 0 12 0 0 0 0 0 0 0 0 0 0 0 0 0 0 0 0 0 0 0 0 0 0 0 0 0 0 137 0 0 0 0 0 0 0
"ASV463" 0 0 0 28 0 0 5 1 0 0 0 0 0 0 12 0 0 0 0 0 0 0 0 0 0 0 0 0 0 0 0 0 0 0 0 81
"ASV464" 0 0 1 0 0 0 3 0 7 1 3 0 0 0 0 28 8 14 1 17 8 26 3 6 0 0 0 0 5 0 0 0 16 0 0 0
"ASV465" 0 0 1 0 1 0 0 1 0 1 0 0 0 1 0 0 0 0 0 0 0 0 165 0 0 0 1 0 0 0 0 0 0 2 0 0
"ASV470" 1 1 1 1 0 0 0 2 0 0 0 0 0 1 0 0 1 0 0 0 0 0 0 0 0 0 1 1 1 0 0 0 0 111 0 1
"ASV472" 0 0 0 5 0 1 0 0 1 0 0 0 0 0 13 0 0 1 0 4 0 0 0 0 12 138 0 0 0 0 0 0 0 0 0 0
"ASV474" 8 3 1 0 0 1 12 0 0 11 1 8 0 0 0 1 0 0 8 31 6 35 0 0 0 0 0 0 0 0 1 0 1 0 14 0
"ASV479" 0 0 0 0 0 0 0 0 0 0 0 0 0 0 0 0 0 0 0 8 0 0 0 0 0 0 0 0 7 0 0 0 3 134 0 0
"ASV481" 0 0 0 0 0 0 0 0 0 0 0 0 0 5 0 0 0 2 0 18 0 21 0 0 0 0 24 0 1 0 46 34 0 0 0 0
"ASV482" 1 1 1 4 0 11 0 0 11 2 9 1 14 0 0 0 0 0 11 0 0 0 0 15 0 0 0 13 0 29 0 0 0 0 18 0
"ASV488" 13 16 14 2 2 0 8 6 21 15 1 0 1 0 0 0 0 0 0 0 0 1 5 0 0 0 0 0 32 0 0 0 2 10 3 17
"ASV494" 0 0 0 0 0 0 0 0 0 0 6 0 0 0 0 0 0 0 0 25 0 0 0 7 4 69 2 5 0 4 0 0 0 2 3 0
"ASV2328" 0 0 0 0 2 0 0 0 0 2 0 0 0 0 0 0 0 0 0 0 0 0 2 0 0 0 7 0 0 0 11 0 0 0 3 2
"ASV2329" 0 0 0 0 0 0 0 0 0 0 0 0 0 0 0 0 0 0 0 0 0 0 0 0 0 0 0 0 20 0 0 0 0 0 0 0
"ASV2331" 0 0 0 0 0 0 0 0 0 0 0 0 0 0 0 0 0 0 0 0 0 0 0 0 0 0 0 0 11 0 0 0 0 0 0 0
"ASV2332" 0 0 0 0 0 0 0 0 0 0 0 0 0 0 0 0 0 0 0 0 0 0 0 0 0 0 0 0 0 0 3 0 0 0 0 14
"ASV2337" 0 0 0 0 0 0 0 0 0 0 0 0 0 0 0 0 0 0 0 0 0 0 0 0 0 0 0 0 0 0 0 0 0 9 0 0
"ASV2339" 0 0 0 0 0 0 0 0 0 0 0 0 0 0 0 0 0 0 0 0 0 0 0 0 0 0 0 23 0 0 0 0 0 0 0 0
"ASV2344" 0 0 0 0 0 0 0 0 0 0 0 0 0 0 0 0 0 0 0 0 0 0 0 0 0 0 0 0 0 0 17 0 0 0 0 0
"ASV2345" 0 0 0 0 0 0 0 0 0 0 0 0 0 0 0 0 0 0 0 0 11 0 0 0 11 0 0 0 0 0 0 0 0 0 0 0
"ASV2347" 0 0 0 0 0 0 0 0 0 0 0 0 0 0 0 0 0 0 0 0 0 0 0 0 0 0 15 0 0 0 0 0 0 0 0 0
"ASV2348" 0 0 0 0 0 0 0 8 0 1 7 7 0 1 4 4 0 0 0 0 0 0 0 3 0 0 1 0 0 0 0 0 0 0 0 8
"ASV2350" 0 14 1 0 0 0 0 0 0 0 0 0 0 0 14 0 0 0 0 0 0 0 0 0 0 0 0 0 0 0 0 0 0 0 0 0
"ASV2351" 0 0 0 0 0 0 0 0 0 0 0 0 0 0 0 11 0 0 0 0 0 0 0 0 0 0 0 0 0 0 0 0 0 0 0 0
"ASV2353" 0 0 9 0 1 0 1 0 9 0 0 0 0 0 0 0 0 0 10 0 0 0 0 0 0 0 0 0 0 0 0 0 0 0 0 0
"ASV2354" 0 0 0 0 0 10 4 0 0 0 0 0 0 0 0 0 0 0 0 0 0 0 0 0 0 0 0 0 0 0 0 0 0 0 0 0
"ASV2355" 0 0 0 0 0 0 0 0 0 0 0 0 0 0 0 0 0 0 0 0 0 0 0 0 0 0 0 0 16 0 0 0 0 0 0 0
"ASV2361" 0 0 0 0 0 0 0 0 0 0 0 0 0 0 0 0 0 0 0 0 0 0 0 0 0 13 0 0 0 0 0 0 0 0 0 0
"ASV2367" 0 0 0 0 0 0 3 0 0 0 0 1 0 0 2 1 0 0 0 0 1 1 2 0 0 0 1 0 0 0 1 0 7 0 0 0
"ASV2369" 0 0 0 0 0 0 0 0 0 0 0 0 0 0 0 0 8 0 0 0 0 11 0 0 0 0 0 0 0 0 0 0 0 0 0 0
"ASV2372" 0 0 0 0 0 0 0 0 0 0 0 0 0 0 0 0 0 0 25 0 0 0 0 0 0 0 0 0 0 0 0 0 0 0 0 0
"ASV2376" 0 0 0 0 1 9 0 0 0 0 7 3 0 0 0 0 0 0 0 0 0 0 0 0 0 0 0 0 0 0 0 0 0 0 0 0
"ASV2378" 0 0 0 0 0 0 0 0 0 0 3 0 1 0 1 3 4 0 0 1 1 0 2 0 0 0 5 0 0 0 0 0 0 0 0 0
"ASV2383" 0 0 0 0 0 0 0 0 0 0 0 0 0 0 0 0 0 0 0 0 0 0 1 0 0 0 0 0 0 0 0 0 0 0 11 0
"ASV2384" 0 0 6 0 0 4 0 0 4 0 2 4 0 0 0 0 0 0 0 0 0 0 0 15 0 0 4 4 0 0 0 0 1 0 0 0
"ASV2385" 0 0 0 0 0 0 0 0 0 0 0 0 0 0 0 0 0 0 0 0 0 0 0 0 0 0 0 0 0 0 16 0 0 0 0 0
"ASV2388" 0 0 0 0 0 0 0 0 0 0 0 0 0 0 0 0 1 9 0 0 0 0 0 0 0 0 0 0 0 0 0 14 0 0 0 0
"ASV2393" 0 0 0 0 0 0 1 0 4 0 0 5 0 0 0 0 0 0 0 0 1 0 0 0 0 0 0 0 0 0 0 0 0 0 0 0
"ASV2395" 0 2 9 0 0 0 0 0 0 0 0 0 0 0 0 0 0 0 0 0 12 0 0 0 0 0 0 0 5 0 0 0 0 0 0 0
"ASV2405" 0 0 0 0 0 0 0 0 0 0 0 0 0 0 0 0 0 0 0 0 0 0 0 0 0 0 0 0 0 0 0 0 0 0 12 0
"ASV2406" 0 0 0 0 0 0 0 0 0 0 0 0 0 0 11 0 0 0 0 0 0 0 0 0 0 0 0 0 0 0 0 0 0 0 0 0
"ASV2408" 0 0 0 0 0 0 0 0 0 0 0 0 0 0 0 0 0 0 0 0 0 0 0 0 0 0 0 0 0 14 0 0 0 0 0 0
"ASV2409" 0 0 0 7 8 0 2 1 0 5 0 0 0 0 0 0 0 0 0 0 0 0 0 0 0 0 0 0 0 0 0 0 0 0 0 0
"ASV2410" 0 0 0 0 0 0 0 0 0 0 0 0 0 0 0 0 0 11 0 0 0 0 0 0 0 0 0 0 0 0 0 0 0 0 0 0
"ASV2412" 0 0 0 0 0 0 0 0 0 0 0 0 7 0 16 0 0 0 0 0 1 0 0 0 0 0 0 0 0 0 0 0 0 0 0 0
"ASV2414" 0 0 0 0 0 0 3 0 0 0 0 0 0 0 0 0 0 0 0 0 6 10 0 0 0 0 0 0 5 0 0 0 0 0 0 0
"ASV2424" 0 0 0 0 0 0 0 0 0 0 0 0 0 0 2 0 0 0 0 0 0 0 0 15 0 0 0 0 0 0 0 0 0 0 0 0
"ASV2431" 0 0 0 0 0 0 0 0 0 0 0 0 0 0 0 0 0 0 0 0 0 0 7 0 0 0 0 0 0 0 1 0 11 0 0 0
"ASV2439" 0 0 0 0 0 0 0 0 0 0 0 0 0 0 0 0 0 0 0 0 0 0 0 0 0 0 0 10 0 0 0 0 0 0 0 0
"ASV2440" 0 0 0 0 0 0 0 0 0 0 0 0 9 0 0 0 0 0 0 0 0 0 0 0 0 0 0 0 0 0 0 0 0 0 0 0
"ASV2446" 0 0 0 0 0 0 0 0 0 0 0 0 0 0 0 0 0 0 0 0 27 0 0 0 0 0 0 0 0 0 0 0 0 0 0 0
"ASV2447" 0 0 0 0 0 0 0 0 0 0 0 0 0 0 0 0 0 0 0 0 0 0 0 0 0 0 0 0 23 0 0 0 0 0 0 0
"ASV2449" 0 0 0 0 0 0 0 0 0 1 0 0 0 0 0 0 0 0 0 0 0 0 0 0 0 0 0 0 0 13 0 0 0 2 0 0
"ASV2451" 0 0 0 0 0 0 0 0 0 0 0 0 0 0 0 0 0 0 0 0 0 0 12 0 0 0 0 0 0 0 0 0 0 0 0 0
"ASV2454" 0 0 0 0 0 0 0 0 0 0 0 0 14 0 0 0 0 0 0 0 0 0 0 0 0 0 0 0 0 0 0 0 0 0 0 0
"ASV2455" 0 0 0 0 0 0 0 0 0 0 0 0 0 0 0 0 0 0 0 0 0 0 0 0 0 0 0 0 0 0 0 0 10 0 0 0
"ASV2456" 0 0 0 12 0 0 0 0 0 0 0 0 0 0 0 0 0 0 0 0 0 0 0 0 0 0 0 0 0 0 0 0 0 0 0 0
"ASV2457" 0 0 0 0 1 0 0 0 0 0 0 0 0 0 0 0 0 0 0 0 0 0 0 0 0 0 0 0 0 32 0 0 0 0 0 0
"ASV2458" 0 0 0 0 0 0 0 0 0 0 0 3 0 0 0 0 0 0 0 0 7 5 0 0 0 0 0 0 0 0 0 0 0 0 0 0
"ASV2461" 0 0 0 0 0 0 0 0 0 0 0 0 0 0 0 0 0 0 0 0 0 0 0 10 0 0 0 0 0 0 0 0 0 0 0 0
"ASV900" 0 0 0 0 0 0 0 0 0 0 0 0 0 0 0 0 0 0 0 0 0 0 0 0 0 0 0 0 0 84 0 0 0 0 0 0
"ASV1903" 0 0 0 1 0 0 7 0 4 0 0 0 0 0 2 20 0 0 15 0 34 0 0 6 0 0 0 0 16 17 23 0 8 36 0 0
"ASV692" 0 0 0 0 0 0 0 0 0 1 0 0 0 0 0 0 0 66 0 0 0 0 0 0 0 0 0 0 0 0 0 0 0 0 0 0
"ASV693" 0 0 0 0 0 0 0 0 0 0 0 0 0 0 0 0 0 0 0 0 0 0 0 0 0 0 0 0 0 83 0 0 0 0 0 0
"ASV694" 0 0 0 0 0 0 0 0 0 0 0 0 0 0 0 0 0 0 0 0 0 0 0 0 0 93 0 0 0 0 0 0 0 0 0 0
"ASV701" 0 1 0 0 0 0 0 0 0 0 0 0 0 67 1 0 0 1 0 0 0 1 3 0 0 0 0 0 0 0 0 0 0 0 0 0
"ASV712" 0 0 0 1 0 0 1 0 0 0 0 0 0 0 0 0 0 0 0 0 0 0 4 0 7 0 12 0 45 0 0 0 0 0 0 0
"ASV713" 0 0 0 0 0 1 0 1 1 0 0 1 11 1 0 1 2 19 0 0 15 16 19 8 0 27 10 1 1 0 0 0 1 1 1 0
"ASV857" 0 0 0 0 0 0 0 4 0 0 0 0 0 0 0 0 0 0 0 0 38 0 0 0 0 0 0 0 8 0 0 0 0 0 2 21
"ASV714" 0 0 0 1 4 0 0 0 0 0 9 0 0 0 0 13 0 0 0 0 0 0 18 11 6 0 0 0 0 0 9 0 0 0 1 18
"ASV720" 0 0 4 0 0 0 0 4 0 0 0 0 10 12 0 8 0 2 1 8 16 0 4 8 0 6 0 0 0 0 0 0 0 0 0 0
"ASV721" 0 0 0 0 8 1 1 0 0 2 5 0 14 9 17 13 0 1 17 0 1 9 0 9 0 0 3 0 0 5 1 0 0 0 2 0
"ASV723" 0 0 1 0 3 2 0 0 0 0 0 0 12 0 0 0 10 0 0 0 11 2 0 28 0 0 0 0 10 0 0 5 0 21 0 0
"ASV728" 0 1 0 0 0 0 3 25 0 1 8 0 0 2 0 11 0 0 7 1 10 22 0 0 0 0 0 0 0 0 0 0 0 0 0 0
"ASV729" 4 2 3 0 0 0 0 0 0 0 1 0 0 0 0 14 0 0 10 5 0 12 26 0 8 0 0 0 0 0 0 0 0 0 0 0
"ASV736" 0 0 0 0 4 0 0 0 0 0 0 0 0 6 0 0 0 0 18 0 0 0 0 36 0 0 0 0 6 0 0 0 6 0 0 0
"ASV982" 23 10 4 16 1 14 4 0 7 3 12 9 0 0 0 0 0 0 0 0 0 0 0 0 0 0 0 0 0 0 0 0 0 0 3 0
"ASV743" 0 22 0 1 4 2 1 3 0 0 24 0 0 0 0 0 0 0 0 0 0 0 0 0 0 0 0 0 0 0 0 0 0 0 0 0
"ASV745" 0 6 0 0 0 0 7 0 0 1 6 9 0 0 5 0 0 0 0 17 0 0 0 8 0 0 1 21 0 0 0 0 3 0 0 0
"ASV1077" 0 0 0 0 1 0 1 0 0 0 0 0 1 0 1 0 0 0 0 0 0 0 0 0 0 1 1 0 0 42 0 0 0 0 0 22
"ASV1289" 2 1 7 0 0 0 0 0 7 0 5 0 0 2 41 0 37 0 0 17 9 0 19 0 0 25 7 0 0 0 0 0 9 18 0 0
"ASV756" 0 0 0 0 0 0 0 0 0 0 0 0 0 0 0 78 0 0 0 0 0 0 0 0 0 0 0 0 0 0 0 0 0 0 0 0
"ASV765" 0 0 0 0 0 0 5 1 0 0 0 0 0 0 25 2 0 0 0 0 0 0 0 0 29 0 0 0 0 0 0 0 0 9 0 0
"ASV771" 0 0 0 0 3 0 0 0 0 0 0 0 17 0 0 0 0 0 0 0 0 0 0 6 0 0 6 0 0 30 0 0 0 0 0 14
"ASV1006" 0 1 0 0 0 2 2 0 0 0 1 0 10 0 0 8 0 0 2 2 0 0 19 0 28 0 0 0 65 0 3 9 0 0 17 0
"ASV774" 0 7 0 0 0 0 0 3 0 0 0 0 0 0 10 0 1 7 0 18 0 0 0 0 0 0 0 0 0 0 0 0 0 10 0 21
"ASV780" 0 0 2 2 0 0 4 0 0 4 3 2 2 0 0 3 6 0 0 2 0 10 0 0 18 1 7 1 1 0 5 0 0 1 5 0
"ASV782" 1 0 0 3 0 0 0 0 0 0 6 0 17 26 3 14 0 0 0 30 0 0 2 0 0 0 0 0 0 0 0 0 0 0 0 0
"ASV979" 0 0 2 0 3 0 2 0 0 0 0 0 0 0 0 0 0 0 0 14 0 17 6 0 22 0 0 0 0 0 1 0 0 0 13 0
"ASV786" 0 0 17 4 1 0 2 2 1 4 3 3 2 0 0 3 0 1 0 1 1 4 17 0 0 2 8 0 0 0 11 0 0 0 4 5
"ASV787" 0 2 1 0 1 3 2 0 1 0 1 0 0 0 0 2 1 0 0 1 0 3 2 0 0 2 7 0 14 0 4 33 1 0 2 1
"ASV794" 0 0 5 2 3 0 5 0 4 1 4 2 2 4 2 1 2 0 0 1 1 3 5 0 0 1 4 0 0 0 14 0 0 0 1 1
"ASV795" 0 0 0 0 0 1 0 0 0 0 0 0 0 0 0 0 0 0 0 0 16 13 0 0 0 0 0 34 0 0 7 0 0 0 0 0
"ASV799" 0 0 0 0 0 0 1 0 6 0 2 2 0 1 0 6 0 1 0 18 0 0 0 0 0 1 1 9 10 0 14 0 7 0 0 0
"ASV804" 0 0 1 0 0 0 0 1 0 0 2 0 0 0 2 2 41 1 0 1 21 3 7 0 0 1 5 0 0 0 4 0 0 0 1 0
"ASV1226" 0 0 0 0 0 0 0 0 0 0 0 0 0 4 0 1 0 0 0 22 20 31 0 0 0 0 1 0 0 0 2 0 0 0 3 0
"ASV805" 0 0 0 0 0 0 0 0 0 0 0 0 0 0 0 0 0 0 0 0 19 36 0 0 0 0 0 0 0 0 0 0 0 0 0 0
"ASV806" 0 0 0 0 0 0 0 0 0 0 0 0 0 0 0 0 0 0 0 0 0 0 0 62 0 0 0 0 0 0 0 0 0 0 1 0
"ASV807" 0 0 0 0 0 0 0 0 0 0 0 0 0 0 0 0 0 0 0 0 0 0 0 78 1 0 0 0 0 1 0 0 0 0 0 0
"ASV813" 0 0 0 0 0 0 0 0 0 1 0 0 0 0 0 0 0 0 0 0 0 0 0 0 0 0 0 0 7 14 0 0 0 53 0 0
"ASV814" 0 0 0 2 3 0 0 0 3 0 2 0 0 0 0 0 2 0 0 0 66 0 0 0 0 0 0 0 0 0 0 0 0 0 0 0
"ASV816" 11 2 0 0 0 6 0 0 13 1 30 12 0 0 0 0 0 0 0 0 0 0 0 0 0 0 0 1 0 0 0 0 0 10 0 0
"ASV818" 0 0 11 0 0 0 0 0 0 0 1 0 11 0 0 0 0 0 0 0 0 0 0 0 0 0 5 42 0 0 0 0 0 0 0 0
"ASV821" 1 2 1 7 0 0 0 3 0 0 3 0 0 0 3 0 0 5 0 0 49 0 31 2 0 0 0 0 0 0 0 0 0 0 0 0
"ASV824" 1 0 0 0 0 1 1 0 0 1 0 0 0 1 0 0 0 0 0 1 0 2 2 0 0 53 2 0 0 0 1 0 0 1 2 0
"ASV512" 10 8 0 0 0 6 1 2 0 3 4 3 0 0 0 76 5 0 0 0 0 0 6 0 0 0 0 0 0 0 0 0 0 0 0 0
"ASV514" 0 2 1 3 0 3 0 3 18 0 0 0 0 12 0 0 0 0 0 0 0 0 36 0 0 0 0 0 25 0 3 0 0 0 0 13
"ASV517" 3 12 0 0 5 3 0 12 0 0 0 0 0 0 0 0 9 0 0 0 0 18 0 0 0 0 0 0 0 0 3 0 0 0 0 55
"ASV518" 0 0 3 0 0 0 1 0 1 9 6 1 0 0 3 0 0 0 0 0 0 0 0 0 0 63 0 0 11 0 0 0 0 24 1 0
"ASV521" 0 1 0 0 0 0 0 0 0 1 1 0 4 5 2 0 5 5 0 1 3 3 13 5 8 56 12 0 4 3 6 3 6 3 3 2
"ASV523" 0 0 0 0 0 0 0 0 0 0 0 3 0 0 10 0 0 0 0 0 0 4 0 0 13 18 0 1 0 0 4 0 0 46 0 13
"ASV533" 0 0 7 0 0 0 0 1 1 0 1 0 27 0 0 0 22 13 0 2 0 0 0 0 0 8 2 0 0 0 9 4 0 0 16 0
"ASV539" 3 0 1 0 1 0 0 0 0 0 0 0 12 25 12 0 4 2 0 0 5 0 0 0 0 0 0 0 12 15 1 0 0 0 0 3
"ASV542" 0 0 2 5 5 0 4 2 1 7 4 3 3 1 4 1 3 3 0 1 3 2 13 0 1 2 10 0 0 0 23 0 1 0 12 5
"ASV548" 6 0 7 0 0 0 0 0 0 0 0 0 0 0 0 0 6 0 0 0 5 47 27 0 0 12 0 4 0 0 0 0 1 0 2 0
"ASV551" 0 0 0 0 0 0 0 0 0 0 0 0 0 23 0 0 0 0 0 0 1 0 0 0 0 0 0 0 0 0 0 0 26 96 0 0
"ASV556" 0 0 0 3 1 0 0 0 10 0 0 0 4 4 1 0 0 0 1 0 54 0 1 5 0 0 0 0 0 0 0 36 0 0 0 0
"ASV566" 1 0 11 0 3 11 0 0 0 0 13 3 23 0 6 0 0 19 0 1 5 11 27 7 0 0 0 0 0 0 0 0 0 0 0 0
"ASV1095" 0 0 0 0 0 0 0 0 0 0 0 0 0 71 5 0 0 0 3 0 0 26 0 0 0 0 0 0 0 0 0 0 0 0 0 0
"ASV567" 0 0 0 0 0 0 0 0 0 0 0 0 0 0 0 0 0 0 0 0 0 0 0 0 0 0 0 0 0 0 0 100 0 0 0 0
"ASV574" 0 7 12 8 0 5 0 5 0 0 0 0 0 0 2 5 0 0 0 0 7 1 42 6 11 0 2 0 8 6 0 0 9 0 0 0
"ASV682" 0 0 0 0 0 0 0 0 0 2 0 0 0 25 2 0 7 0 0 0 0 0 0 58 0 0 0 0 0 0 0 0 10 0 0 0
"ASV1058" 0 3 0 11 4 3 6 1 3 0 8 4 2 37 0 13 20 17 7 14 1 35 3 11 0 0 0 0 0 0 0 0 0 0 0 0
"ASV577" 0 0 0 0 0 5 0 8 0 0 1 0 0 0 0 6 0 0 0 0 8 0 32 17 0 0 0 13 23 0 0 0 0 0 0 0
"ASV582" 0 0 2 0 0 0 1 0 0 0 1 0 0 0 0 1 0 0 0 0 1 0 0 0 0 0 0 4 0 23 0 0 4 32 0 30
"ASV585" 0 0 2 0 0 0 0 0 9 2 16 1 0 2 7 0 2 48 0 0 0 3 0 0 0 0 14 0 0 0 9 0 2 0 0 0
"ASV588" 0 0 1 0 0 7 7 6 4 1 4 9 3 5 3 8 6 6 0 7 3 3 12 0 0 7 5 1 0 0 6 0 2 0 0 0
"ASV593" 0 4 3 0 0 0 1 0 4 0 0 0 0 1 0 0 0 0 11 5 0 0 24 15 0 0 2 30 0 0 1 0 0 0 3 11
"ASV597" 0 2 0 0 0 3 1 0 2 0 13 0 0 0 0 4 0 2 0 19 0 0 0 8 0 67 0 0 0 7 3 0 0 0 0 0
"ASV599" 1 2 1 1 4 34 0 6 2 5 0 0 0 0 0 0 0 0 1 0 0 0 0 0 1 0 0 1 14 9 1 1 2 3 1 4
"ASV600" 0 8 0 1 0 0 0 0 0 4 0 0 0 0 1 0 0 0 0 0 9 0 27 0 0 0 0 0 0 1 8 0 1 20 1 16
"ASV607" 0 0 0 0 0 0 0 0 4 0 0 1 10 20 0 0 0 8 4 25 0 0 0 0 2 0 22 0 0 0 0 0 0 0 0 18
"ASV612" 2 0 0 0 0 1 0 0 0 0 0 0 0 0 0 0 0 3 0 0 0 0 0 0 0 0 5 39 0 38 0 0 0 0 0 0
"ASV735" 0 6 5 12 17 0 0 9 12 10 19 8 0 0 0 0 0 0 0 0 34 6 0 0 0 0 0 0 0 0 0 0 0 0 0 0
"ASV615" 0 24 0 0 0 0 0 0 0 0 0 0 60 0 6 0 0 1 0 0 0 0 0 2 0 0 0 0 0 0 0 0 0 0 0 0
"ASV621" 0 7 10 12 3 1 0 0 0 6 0 0 0 0 0 17 2 0 1 0 0 0 0 29 9 0 0 0 0 0 0 0 1 4 0 23
"ASV622" 0 0 0 0 0 0 0 0 1 0 0 0 0 0 0 0 0 26 0 0 22 0 0 1 0 0 1 24 1 0 3 0 0 1 0 0
"ASV628" 0 0 0 0 0 0 0 0 0 0 0 0 0 0 0 1 0 11 0 0 0 0 1 29 0 36 3 0 0 0 0 0 6 0 0 0
"ASV629" 5 2 1 0 1 2 1 1 1 1 0 1 0 20 0 2 0 0 11 0 0 0 3 0 0 0 2 2 15 0 7 2 2 1 1 48
"ASV634" 0 0 0 0 0 0 0 0 0 0 0 0 0 0 23 0 0 0 0 1 0 0 0 15 0 0 0 0 0 0 2 0 0 0 0 46
"ASV643" 0 0 0 0 0 0 0 0 0 0 0 0 0 0 0 0 0 0 0 1 0 0 16 0 0 0 34 0 0 0 0 0 55 0 0 0
"ASV644" 1 0 1 0 0 0 0 0 0 0 10 0 3 1 0 6 8 2 0 2 0 13 0 0 0 1 12 0 0 0 0 44 0 0 1 0
"ASV648" 0 0 0 0 0 0 0 0 0 0 0 0 0 0 0 0 0 0 0 0 0 0 0 0 0 0 0 0 0 88 0 0 0 0 0 0
"ASV655" 0 1 0 0 0 0 0 0 0 0 0 0 0 0 0 0 0 0 0 0 0 0 0 0 0 0 0 0 0 62 0 0 0 17 0 0
"ASV656" 0 4 4 0 1 0 0 0 0 0 0 0 16 0 4 1 0 0 0 0 0 0 0 0 9 0 0 0 0 53 0 0 10 0 0 0
"ASV659" 0 0 0 0 0 0 0 0 0 0 0 0 0 0 0 0 0 0 0 0 0 0 0 0 0 0 0 0 0 0 0 0 0 119 0 0
"ASV667" 2 0 0 0 0 0 0 0 0 0 0 0 0 0 0 0 0 0 0 7 0 0 0 24 37 0 0 0 0 0 0 0 0 0 0 0
"ASV669" 0 0 5 0 2 0 2 0 3 0 0 0 0 38 0 0 0 0 0 0 0 0 29 0 0 0 0 0 0 0 0 15 0 0 0 0
"ASV672" 0 0 0 0 0 0 0 0 0 0 0 0 0 0 0 0 0 0 0 0 0 0 0 0 0 0 0 0 0 0 0 0 0 0 0 72
"ASV1525" 0 0 0 0 0 0 0 0 0 0 0 0 0 0 0 0 0 0 0 0 0 0 0 0 0 0 0 0 0 0 0 0 16 0 0 0
"ASV1527" 0 0 0 0 1 0 3 1 0 0 1 0 1 0 0 0 0 0 0 0 1 1 0 0 0 0 0 12 0 0 0 2 3 0 0 0
"ASV1528" 0 0 0 0 0 0 0 0 0 0 0 0 0 0 0 0 0 0 0 0 0 0 14 0 7 0 0 0 0 0 0 0 0 0 0 18
"ASV1529" 0 0 0 0 0 0 0 3 0 0 4 0 0 0 0 0 0 0 28 0 0 0 0 0 0 0 0 0 0 0 0 0 0 0 0 0
"ASV1534" 0 0 0 0 0 0 0 0 0 0 0 0 0 0 0 0 0 6 0 0 0 0 0 0 0 0 0 0 0 0 0 28 0 0 0 0
"ASV1537" 1 0 0 2 0 0 13 0 0 0 0 0 0 0 0 0 0 0 0 0 7 1 0 0 3 0 0 0 0 0 1 0 0 0 1 0
"ASV1538" 2 1 0 0 0 0 0 0 0 0 3 1 1 0 0 0 4 0 0 1 15 0 1 0 0 1 3 0 0 13 2 0 0 0 2 7
"ASV1539" 0 0 0 0 0 0 0 0 0 0 0 0 0 0 0 0 0 0 0 0 0 0 0 0 0 31 0 0 0 0 0 0 0 0 0 0
"ASV1544" 0 2 0 0 0 0 0 0 0 0 0 0 0 17 0 0 0 12 0 0 0 0 1 0 0 0 0 0 0 0 0 0 0 0 0 7
"ASV1559" 7 1 1 0 0 3 0 1 1 0 2 0 0 0 0 0 0 0 0 0 0 3 0 0 34 0 0 0 0 0 0 0 0 2 8 0
"ASV1561" 0 0 1 0 1 0 0 0 2 0 0 0 0 1 2 6 1 1 0 4 1 0 2 0 0 1 4 0 0 0 7 0 0 0 0 0
"ASV1571" 0 0 0 0 0 0 0 0 0 0 0 0 0 0 0 0 0 0 0 0 0 0 0 17 0 0 0 0 0 0 0 0 0 0 0 0
"ASV1573" 0 0 0 0 0 1 0 0 0 0 2 1 0 0 0 0 0 0 0 0 3 0 0 0 30 0 0 0 3 2 0 0 0 0 0 0
"ASV1574" 1 6 0 0 0 3 4 0 0 0 3 0 0 0 0 3 2 1 0 0 0 1 2 0 0 0 1 0 0 0 4 1 0 0 1 0
"ASV1575" 0 0 0 0 0 0 0 0 0 0 0 0 0 0 0 0 0 0 0 0 7 0 0 0 0 24 0 0 0 0 0 0 0 0 0 0
"ASV1576" 0 0 0 0 0 0 0 0 0 0 0 0 0 11 0 5 0 0 0 0 0 21 0 0 0 0 0 0 0 0 0 0 0 0 0 0
"ASV1577" 0 0 0 0 0 0 0 0 0 0 0 0 0 0 0 0 0 0 0 0 0 0 0 0 0 0 0 0 0 0 0 0 0 0 0 20
"ASV1579" 0 0 0 0 0 0 0 0 0 0 0 0 1 0 0 0 0 0 0 0 0 0 24 0 0 0 0 0 0 0 9 0 0 0 0 0
"ASV1581" 0 0 0 0 0 0 0 0 26 0 0 0 0 0 5 0 0 0 0 0 0 0 0 0 0 0 0 0 0 0 0 0 0 0 0 0
"ASV1582" 0 0 0 0 0 0 0 0 0 1 0 0 0 7 3 0 11 0 0 0 0 0 0 0 0 0 0 0 0 6 0 1 0 0 0 18
"ASV1585" 3 0 0 0 1 0 0 0 0 0 0 0 0 0 0 0 0 0 0 0 0 0 0 0 0 0 0 0 0 0 0 0 0 6 23 0
"ASV1586" 0 0 0 0 0 0 0 0 0 0 0 0 0 0 0 2 0 0 0 1 0 0 0 0 0 0 0 0 0 0 5 0 0 29 0 0
"ASV1588" 0 12 4 0 0 4 0 0 11 0 5 0 0 0 4 0 0 0 0 0 0 0 0 2 0 0 0 0 0 0 0 0 0 0 0 0
"ASV1595" 0 0 2 0 0 0 0 0 0 0 0 0 0 0 0 0 29 0 0 0 0 0 0 0 0 0 0 0 0 0 0 0 0 0 0 0
"ASV1597" 1 4 0 0 0 0 0 0 0 0 0 0 0 0 11 0 0 0 0 0 7 0 0 0 0 0 0 0 0 19 12 0 0 0 0 0
"ASV1600" 1 0 0 0 0 0 0 0 0 0 0 0 0 0 0 0 0 0 0 0 27 0 0 0 0 0 0 0 0 0 0 0 0 0 0 0
"ASV1607" 0 0 0 2 0 0 2 0 1 0 2 2 1 1 0 0 1 3 0 0 3 0 2 0 0 1 2 0 5 0 2 0 0 0 0 0
"ASV1609" 0 0 0 0 0 0 0 0 0 0 0 0 0 0 0 0 0 0 0 0 0 0 0 0 0 0 0 0 0 3 0 0 0 40 0 0
"ASV1610" 0 0 0 0 0 0 0 0 0 0 0 0 0 0 0 0 0 0 0 0 12 0 0 0 0 0 0 0 23 0 0 0 0 0 0 0
"ASV1611" 0 0 0 0 0 0 0 0 0 0 0 0 0 0 0 0 4 0 0 0 0 0 0 0 22 0 0 0 0 0 0 0 0 0 0 0
"ASV1614" 0 0 0 0 0 0 0 0 2 0 0 0 0 0 0 0 0 0 0 0 0 0 0 0 0 0 0 13 0 0 5 0 0 0 0 0
"ASV1615" 0 0 0 0 0 0 0 0 0 0 0 0 0 0 0 17 0 0 0 0 0 0 0 0 0 0 0 0 0 0 0 0 1 0 0 0
"ASV1616" 0 0 0 0 0 0 0 0 0 0 0 0 3 0 15 0 0 0 0 0 0 0 0 0 0 0 0 0 0 0 25 0 0 0 3 0
"ASV1621" 0 0 0 0 0 0 0 0 0 0 0 0 0 0 0 0 0 0 0 0 4 0 0 0 0 0 0 0 4 0 0 0 0 22 0 0
"ASV1622" 0 0 0 0 1 0 0 0 0 0 0 0 0 0 0 0 0 0 0 3 11 0 32 0 0 0 0 0 0 0 0 0 0 0 6 0
"ASV1626" 0 0 0 0 0 0 0 11 0 0 0 0 0 0 0 0 0 0 0 25 0 0 0 0 0 0 0 0 0 0 0 0 0 0 0 0
"ASV1628" 0 9 0 0 0 7 0 0 0 10 0 1 0 0 0 51 0 0 0 0 7 26 0 0 0 0 0 0 0 0 0 0 0 0 4 0
"ASV1630" 1 0 3 0 3 0 0 0 1 0 2 0 0 0 0 15 0 5 0 0 0 0 0 4 0 0 0 0 0 0 0 0 0 0 0 0
"ASV1633" 0 0 0 0 0 0 0 0 0 0 0 0 0 0 0 0 0 0 0 9 0 0 0 0 0 0 0 0 0 0 0 0 0 19 0 0
"ASV1635" 0 0 0 0 0 0 0 0 0 0 0 0 0 0 0 0 0 0 0 0 0 0 0 16 0 0 0 0 0 0 0 0 0 0 0 0
"ASV1637" 0 0 0 0 0 0 0 0 0 0 0 0 0 0 0 0 0 0 0 0 0 0 0 0 0 0 0 0 0 0 0 0 0 32 0 0
"ASV1638" 0 0 0 0 0 0 0 0 0 0 0 0 0 0 0 0 4 0 0 0 0 0 0 0 3 0 0 12 0 0 0 0 5 0 0 0
"ASV1640" 0 0 0 0 0 0 0 0 0 0 0 0 0 0 0 0 0 0 0 0 0 0 0 0 0 0 20 0 0 0 0 0 0 0 0 0
"ASV1641" 0 0 0 0 0 0 0 0 0 0 0 0 0 0 0 0 0 48 0 0 0 0 0 0 0 0 0 0 0 0 0 0 0 0 0 0
"ASV1645" 1 1 0 0 0 0 0 7 0 0 6 0 0 0 0 0 0 2 0 3 0 0 0 0 0 0 0 0 0 0 0 0 0 0 0 0
"ASV1647" 0 0 0 0 0 0 0 0 0 0 0 0 0 0 0 0 0 0 0 0 0 0 0 0 0 0 0 0 0 0 0 0 0 0 15 0
"ASV1648" 0 0 0 0 0 0 0 0 0 0 0 0 0 0 0 2 0 0 0 0 0 0 0 0 0 0 9 0 0 0 0 0 0 0 0 23
"ASV1650" 0 0 0 0 1 0 0 0 0 0 0 0 0 0 0 0 0 0 0 0 0 0 0 0 39 0 0 0 0 0 1 0 0 0 0 1
"ASV1651" 0 0 0 0 0 0 0 0 0 4 0 0 0 0 0 0 0 0 0 0 0 22 0 0 0 0 3 0 0 0 0 0 0 0 0 0
"ASV1654" 0 0 0 0 0 0 0 0 0 0 0 0 0 0 0 0 0 0 0 0 0 0 0 0 0 0 0 37 0 0 0 0 0 0 0 0
"ASV1655" 0 0 0 0 0 0 0 0 0 0 0 0 0 0 0 0 0 20 0 0 0 0 0 0 0 0 0 0 0 0 0 0 0 0 0 0
"ASV224" 17 8 10 0 1 12 11 9 21 12 13 10 17 35 3 13 1 0 0 5 3 3 7 0 53 44 24 4 39 18 54 22 30 33 33 18
"ASV198" 6 24 48 29 5 9 33 3 26 1 4 10 0 0 0 0 1 0 0 0 0 0 12 51 0 1 52 0 53 0 8 71 20 0 0 0
"ASV229" 0 1 0 0 0 0 0 1 0 0 0 0 0 24 5 24 9 11 0 7 21 46 13 0 25 111 8 0 23 30 2 35 34 0 11 0
"ASV207" 0 12 7 0 1 15 5 8 14 8 4 0 16 4 52 0 22 38 23 8 3 4 3 43 19 1 22 29 4 9 0 0 1 29 12 20
"ASV212" 0 1 0 0 0 1 0 0 0 1 2 0 2 0 0 6 0 0 0 0 0 28 29 0 0 67 0 0 0 9 18 59 0 0 0 341
"ASV219" 7 5 10 16 0 3 1 0 7 0 0 0 10 60 29 25 0 16 13 12 13 14 22 0 0 57 48 3 18 7 0 0 32 14 14 31
"ASV213" 0 0 0 0 2 0 0 0 0 1 0 0 6 17 0 19 0 0 0 4 0 0 38 47 0 42 4 57 49 9 4 59 0 29 10 11
"ASV266" 4 3 0 0 2 1 9 2 33 7 2 2 6 0 0 0 13 1 0 19 0 20 11 0 68 53 1 17 24 0 3 16 0 58 15 24
"ASV210" 0 4 1 0 1 0 0 1 0 0 0 0 4 0 0 1 0 27 0 2 0 0 1 0 7 2 7 70 141 52 10 5 1 85 34 32
"ASV221" 1 0 6 0 1 1 0 2 11 0 4 0 0 0 16 0 1 74 3 0 25 0 0 23 0 128 6 32 80 0 1 0 19 0 3 5
"ASV228" 32 17 11 0 6 19 11 27 26 4 68 0 0 0 19 0 7 0 23 56 11 31 4 0 16 0 31 0 0 0 0 33 9 0 0 23
"ASV216" 19 5 0 0 3 0 4 0 14 0 0 0 1 48 2 32 11 28 7 41 50 12 88 60 3 1 3 0 0 0 0 0 0 0 4 0
"ASV220" 6 0 12 0 0 4 0 6 1 0 1 0 15 23 26 4 0 0 0 24 2 3 0 0 40 90 65 0 19 6 14 18 10 0 23 36
"ASV223" 0 0 0 0 0 0 1 1 0 0 0 0 0 0 0 0 0 0 0 1 0 0 0 0 0 0 0 0 16 101 8 85 0 147 7 0
"ASV230" 2 3 0 0 0 0 1 0 0 1 1 0 4 0 0 1 4 0 0 1 44 69 0 33 5 113 25 17 7 11 3 42 20 0 2 5
"ASV365" 1 22 25 6 5 20 2 10 9 25 5 22 16 15 61 28 3 3 26 21 8 17 25 61 50 114 58 94 135 43 114 103 39 16 127 91
"ASV484" 0 3 7 8 1 24 9 11 29 17 23 0 0 0 14 26 1 9 17 2 15 29 13 0 38 25 9 0 0 1 1 9 9 1 27 1
"ASV231" 0 0 0 0 0 0 22 0 13 0 0 0 7 5 2 19 0 12 0 4 9 4 22 4 12 16 6 31 0 0 37 0 8 66 0 34
"ASV241" 0 0 1 0 2 0 0 0 2 0 0 0 0 1 0 0 0 11 0 0 0 0 0 0 4 0 12 2 0 68 0 33 0 197 23 27
"ASV232" 0 3 5 2 2 2 8 3 2 2 10 6 0 2 2 4 7 4 0 2 2 10 5 1 41 2 38 68 71 1 45 4 18 92 0 0
"ASV244" 7 20 5 11 8 4 5 0 16 17 5 12 73 0 0 0 0 19 1 0 0 1 48 1 0 0 3 0 101 0 1 0 19 0 0 15
"ASV270" 9 0 1 1 2 0 0 0 0 0 0 0 8 10 0 0 0 0 11 0 0 1 22 123 27 68 0 0 19 10 11 1 2 38 13 21
"ASV254" 0 0 0 0 0 0 0 0 0 1 1 0 10 69 5 206 1 0 1 12 13 4 0 26 0 0 3 0 0 0 3 0 0 10 2 0
"ASV260" 13 0 1 4 14 2 5 2 4 6 16 0 24 11 15 2 9 61 4 11 65 20 39 36 0 0 11 0 1 0 9 1 0 0 0 1
"ASV265" 0 0 9 0 0 3 0 0 6 0 0 0 0 0 40 0 9 0 20 9 82 0 0 0 138 0 0 4 0 0 4 0 0 0 13 9
"ASV275" 0 0 0 8 2 0 0 0 0 12 0 0 0 0 8 0 15 24 0 0 1 0 0 0 236 0 29 0 11 0 0 1 0 0 0 0
"ASV282" 26 4 34 15 7 0 17 31 0 6 50 17 4 0 3 0 1 0 10 0 5 0 3 0 49 0 13 36 0 0 0 0 18 0 0 0
"ASV276" 2 0 0 0 0 0 0 0 0 0 0 5 0 13 2 24 7 7 1 0 3 8 6 6 32 72 10 25 7 19 0 7 4 1 14 0
"ASV284" 0 19 13 0 5 8 15 1 1 8 43 8 5 0 0 0 0 0 0 79 0 0 0 2 13 0 4 0 16 0 0 0 5 0 25 0
"ASV307" 0 0 0 0 0 0 0 0 0 0 0 17 0 0 0 0 0 0 75 0 0 0 12 0 0 0 0 0 0 0 54 52 0 0 0 0
"ASV286" 19 16 26 4 1 21 5 7 7 22 52 21 0 9 0 12 0 0 0 15 0 0 25 0 0 1 0 0 0 0 0 0 0 0 46 0
"ASV289" 45 0 27 0 0 0 6 4 0 2 5 3 14 36 0 0 7 3 7 7 0 0 0 9 0 0 2 3 0 9 2 51 4 0 35 0
"ASV310" 9 2 0 5 0 6 7 0 23 5 6 0 2 1 12 0 16 11 0 0 0 0 0 17 19 0 1 0 52 0 12 2 0 53 0 1
"ASV317" 0 0 0 0 0 8 0 0 0 0 0 1 23 42 2 90 0 0 0 0 9 0 0 24 0 0 1 0 0 0 0 0 0 0 6 0
"ASV299" 13 0 11 0 1 1 0 0 0 0 3 0 21 0 7 8 11 26 0 0 17 1 0 30 4 31 4 0 0 19 21 13 7 0 3 0
"ASV303" 0 0 0 0 0 0 0 10 5 12 0 0 0 0 0 3 0 44 0 0 2 1 0 1 41 61 12 0 9 0 0 32 0 14 23 0
"ASV304" 12 13 3 0 8 1 5 0 1 2 5 4 5 3 0 9 0 21 0 0 21 3 8 14 23 0 1 0 47 0 30 0 0 0 0 0
"ASV331" 0 0 0 0 0 0 0 0 0 0 9 4 0 0 10 13 0 0 70 0 0 0 0 52 0 0 0 0 0 0 0 5 14 0 0 23
"ASV309" 0 2 8 0 0 5 3 1 1 0 2 0 0 0 2 0 0 0 0 14 27 5 18 0 33 0 11 0 54 0 18 35 0 0 4 0
"ASV332" 0 0 10 0 0 0 14 11 9 0 14 13 13 17 13 10 10 13 0 12 12 10 19 0 0 12 10 0 0 0 11 0 0 0 0 14
"ASV340" 0 0 0 0 5 5 3 1 1 4 2 1 0 0 27 0 14 0 0 9 2 0 5 61 0 0 4 69 4 0 2 45 5 0 118 1
"ASV339" 0 0 3 1 0 6 0 1 0 0 0 0 0 0 0 47 0 88 0 3 12 0 0 0 0 0 0 0 0 0 39 4 0 0 3 0
"ASV316" 1 0 1 0 1 5 0 0 6 0 0 0 4 0 20 40 19 0 0 0 0 10 33 0 48 0 11 0 0 0 11 0 0 33 2 0
"ASV320" 1 6 5 4 0 0 4 1 11 0 11 1 1 1 0 17 9 1 0 1 0 27 11 1 5 1 28 10 1 0 43 4 3 55 0 22
"ASV322" 0 0 4 0 4 0 0 5 3 0 0 0 5 0 0 0 0 15 0 0 0 19 0 1 11 0 0 6 54 28 2 32 11 0 0 19
"ASV324" 8 0 9 0 7 3 8 20 8 0 6 3 18 15 5 41 15 22 24 22 14 0 5 55 0 0 0 0 0 0 0 0 0 0 0 0
"ASV325" 0 0 0 0 0 0 0 0 0 0 0 0 26 5 69 0 0 1 0 16 36 9 8 10 0 0 4 0 7 6 0 0 10 11 0 4
"ASV215" 1 10 9 0 3 1 0 0 1 6 9 2 23 35 0 10 26 12 1 5 46 21 0 6 79 37 39 15 150 4 54 81 33 64 74 45
"ASV178" 7 11 16 0 3 7 9 0 0 0 2 0 56 20 6 0 8 31 29 8 71 8 1 0 30 0 36 18 34 3 0 3 2 129 0 46
"ASV170" 5 0 28 3 0 1 5 14 9 0 3 9 6 14 32 7 2 0 2 9 4 15 30 0 27 141 6 23 1 14 14 25 1 134 13 20
"ASV182" 6 42 21 3 2 10 0 6 22 5 14 6 13 11 2 3 0 9 0 30 0 0 7 83 19 2 85 0 9 0 11 25 1 100 12 18
"ASV183" 2 0 0 1 2 1 0 0 0 0 0 0 0 32 1 0 0 0 8 17 5 41 0 117 33 45 45 0 5 115 7 26 0 0 7 0
"ASV202" 1 2 3 0 6 10 12 0 4 6 4 10 1 12 9 0 0 0 25 5 57 15 9 55 32 52 17 64 55 15 14 3 10 48 11 2
"ASV191" 8 14 2 0 7 1 14 0 9 3 0 18 0 142 74 14 5 10 0 6 8 0 1 0 0 0 1 1 2 0 7 2 0 77 43 0
"ASV181" 16 10 73 9 4 39 10 1 31 7 20 4 40 0 38 34 13 1 0 1 27 20 13 58 13 0 6 108 12 0 5 0 18 0 18 14
"ASV206" 10 0 0 0 3 0 1 0 9 0 0 0 31 60 4 0 0 8 11 0 27 0 0 7 4 0 2 92 57 0 7 0 1 74 0 77
"ASV193" 0 0 3 0 0 0 1 0 1 1 4 0 16 20 19 8 23 14 0 16 0 40 22 0 53 16 67 14 16 7 30 4 8 45 10 81
"ASV264" 2 3 0 0 0 0 0 0 0 0 3 2 20 26 0 10 3 22 8 47 18 21 8 212 13 0 5 17 1 19 0 0 3 1 0 0
"ASV471" 5 21 8 5 9 26 1 8 12 17 3 10 2 3 16 23 26 7 17 53 26 5 64 113 116 60 77 107 157 63 80 62 57 5 44 69
"ASV2142" 3 7 0 15 0 3 0 0 2 0 4 5 0 0 0 0 0 0 0 1 0 0 0 0 0 4 0 0 0 0 0 0 0 0 0 0
"ASV2147" 0 0 0 0 0 0 0 0 0 0 0 0 0 0 0 0 0 0 0 0 0 0 0 0 0 0 0 0 0 0 0 0 0 15 0 0
"ASV2150" 0 0 0 0 0 0 0 0 0 0 0 0 0 0 0 0 0 0 0 0 0 0 0 0 0 0 16 0 3 0 7 0 0 0 0 0
"ASV2152" 0 0 0 0 0 0 0 0 0 0 0 0 0 0 6 7 0 0 0 0 0 6 5 0 0 0 0 0 0 0 0 0 0 0 0 0
"ASV2153" 0 0 0 0 0 0 0 0 0 0 0 0 0 0 0 0 0 0 0 0 0 0 0 0 0 0 0 0 0 18 0 0 0 0 0 0
"ASV2154" 0 0 0 0 0 0 0 0 0 0 0 0 0 0 0 0 0 0 0 0 0 5 17 7 0 0 0 0 0 0 0 0 1 0 0 0
"ASV1977" 0 0 0 0 0 0 0 0 0 0 0 0 0 0 0 0 0 0 0 0 0 0 0 20 0 0 0 0 0 0 0 0 0 0 0 0
"ASV1978" 0 3 12 0 0 0 0 0 0 0 0 0 0 0 0 0 0 0 0 0 0 0 0 0 0 0 0 0 0 0 0 0 0 0 0 0
"ASV1980" 0 0 0 0 0 0 0 0 0 0 0 0 0 0 0 0 0 0 0 0 0 0 4 0 0 0 0 0 0 0 0 0 0 0 21 0
"ASV1508" 1 23 0 0 0 1 0 0 0 0 0 0 0 0 0 0 0 0 0 0 0 0 1 0 0 0 1 0 0 0 1 0 0 0 1 0
"ASV1510" 0 0 0 0 0 0 0 0 0 0 0 0 0 0 30 0 0 0 0 0 0 0 0 0 0 0 0 0 0 0 0 0 0 0 0 0
"ASV1518" 0 0 0 0 0 0 0 0 0 0 0 0 0 0 0 0 0 0 0 0 0 0 0 34 0 0 0 0 0 0 0 0 0 0 0 0
"ASV1519" 0 0 0 0 0 0 0 0 0 0 0 0 31 0 0 0 0 0 0 0 0 0 0 0 0 0 0 0 0 0 0 0 0 0 0 0
"ASV1520" 2 0 0 0 0 0 0 0 0 0 0 0 0 0 0 0 0 0 4 0 0 0 2 0 0 0 0 0 7 0 3 0 0 18 0 0
"ASV1521" 26 1 0 0 0 0 0 1 0 7 0 0 0 0 0 0 0 0 0 0 0 0 1 0 0 0 0 0 0 0 0 0 0 0 0 0
"ASV1523" 0 0 0 0 0 0 1 0 0 1 2 1 2 26 1 0 0 0 0 0 3 0 2 0 0 0 2 0 0 0 1 0 0 0 0 0
"ASV502" 2 0 1 0 0 0 0 0 7 0 0 0 0 21 0 0 0 7 0 4 0 26 0 0 0 0 0 0 50 0 0 0 1 0 0 0
"ASV505" 4 0 0 2 0 0 0 0 0 0 0 0 0 49 0 0 6 17 0 4 14 1 0 1 0 11 0 0 12 0 4 4 9 7 0 1
"ASV575" 0 0 5 3 0 5 0 0 4 0 3 0 0 5 1 0 0 7 0 0 24 8 0 3 0 0 0 0 0 122 0 0 0 0 1 6
"ASV510" 11 3 0 0 0 5 15 0 2 1 45 4 0 0 0 0 0 0 0 0 0 0 0 0 0 0 0 0 0 0 0 0 0 0 0 0
"ASV1357" 0 0 0 0 0 0 0 0 0 0 0 0 0 0 0 0 0 0 0 0 3 10 0 0 0 0 12 0 0 0 0 0 3 0 0 0
"ASV1358" 0 0 0 0 0 0 0 0 0 0 0 0 0 0 0 0 2 0 0 0 0 0 0 0 29 0 0 0 0 0 0 0 0 0 0 0
"ASV1359" 5 0 1 0 1 1 3 7 5 16 2 17 0 0 1 2 0 0 0 0 11 0 0 0 6 0 0 0 4 0 3 0 0 0 0 0
"ASV1198" 0 0 0 0 0 0 0 0 0 0 0 0 0 0 0 0 0 0 0 19 0 0 0 0 0 0 0 0 0 18 0 0 4 0 0 0
"ASV1199" 0 0 0 0 0 0 0 0 0 0 0 0 0 0 0 0 0 0 0 0 0 0 0 0 45 0 0 0 0 0 0 0 0 0 0 0
"ASV1200" 0 0 0 0 0 0 0 0 0 0 0 0 0 0 0 0 0 0 0 0 0 0 0 0 0 0 0 0 0 0 0 0 0 41 0 0
"ASV1204" 0 0 0 0 0 0 0 0 0 0 0 0 0 0 25 0 6 0 0 1 0 0 0 0 0 0 0 0 0 2 4 0 0 0 0 6
"ASV1210" 48 0 0 0 0 0 0 0 0 0 0 0 0 0 0 0 0 0 0 0 0 0 0 0 0 0 0 0 0 0 0 0 0 0 0 0
"ASV1009" 0 0 0 0 0 0 0 0 0 0 0 0 0 0 0 0 0 0 0 0 0 0 0 0 0 0 0 0 0 0 0 43 0 0 0 0
"ASV1010" 0 0 0 0 0 0 0 0 0 0 0 0 0 0 0 0 0 0 0 0 50 0 0 0 0 0 0 0 0 0 0 0 0 0 0 0
"ASV1012" 0 0 0 0 0 0 0 0 0 0 0 0 0 0 0 0 0 0 0 0 0 0 0 0 0 0 0 0 0 45 0 0 0 0 0 0
"ASV1014" 0 0 0 0 0 0 0 0 0 0 0 0 0 0 0 0 0 41 4 0 0 0 0 0 0 0 0 0 0 0 0 0 0 0 0 0
"ASV2463" 0 0 0 0 0 0 0 0 0 0 0 0 0 0 0 0 0 0 0 0 0 0 0 0 0 0 0 0 0 12 0 0 1 0 0 0
"ASV2464" 0 3 1 3 1 0 0 1 1 0 0 1 1 4 0 0 0 1 0 0 0 1 2 0 0 1 0 1 4 0 0 0 0 2 0 1
"ASV2465" 0 0 0 0 0 0 0 0 0 0 0 0 3 0 4 0 0 0 0 0 0 0 0 0 0 0 0 0 0 0 0 0 0 0 14 0
"ASV2470" 0 0 0 0 0 0 0 0 0 0 0 0 0 0 0 0 0 0 0 0 0 0 10 0 0 0 0 0 0 0 0 0 0 0 0 0
"ASV2471" 0 0 0 0 0 0 0 0 0 0 0 0 25 0 0 0 0 0 0 0 0 0 0 0 0 0 11 0 0 0 0 0 0 0 0 0
"ASV2472" 0 0 0 0 0 0 0 0 0 0 0 0 0 0 0 0 0 0 0 0 0 0 0 0 0 0 0 0 1 0 0 0 0 14 0 0
"ASV2474" 0 0 0 0 0 0 0 0 0 0 0 0 0 0 0 0 0 0 0 0 0 19 0 0 0 0 0 0 0 0 0 0 0 0 0 0
"ASV2478" 0 0 0 0 0 0 0 0 0 0 0 0 0 0 0 0 0 0 0 0 0 0 0 0 0 0 9 0 0 0 0 0 0 0 0 0
"ASV834" 0 0 0 0 0 0 0 0 0 0 0 0 0 0 0 0 0 0 0 0 0 0 0 0 0 0 0 0 0 0 0 0 0 70 0 0
"ASV2615" 0 0 0 3 3 0 0 0 0 0 0 0 0 0 0 0 0 0 0 0 0 0 3 0 0 0 4 0 0 0 5 0 0 0 2 2
"ASV1810" 0 0 1 0 0 0 1 1 3 1 0 2 0 1 1 1 0 1 0 0 0 0 4 0 0 2 2 0 0 13 0 0 0 0 0 10
"ASV1811" 0 0 0 0 2 0 0 0 0 0 0 0 0 0 0 0 0 0 0 0 0 0 0 0 0 0 13 0 0 0 7 0 0 0 0 0
"ASV1816" 0 0 1 0 0 0 0 1 0 0 2 0 1 0 1 0 0 0 0 2 1 0 3 0 0 1 11 0 0 0 6 0 0 0 2 0
"ASV1818" 0 0 0 0 0 0 0 0 0 0 0 0 0 0 0 0 0 0 0 4 0 0 0 0 0 0 0 8 22 0 0 0 0 0 0 2
"ASV1819" 8 0 0 0 0 0 0 0 0 0 11 0 0 0 0 0 0 0 0 0 0 0 0 0 0 0 0 0 0 0 0 0 0 0 0 0
"ASV1821" 0 1 0 0 0 0 0 0 0 0 0 0 0 0 0 0 0 0 0 0 0 0 1 0 8 0 18 0 0 0 0 0 0 0 0 5
"ASV1656" 0 0 0 0 0 0 0 0 0 0 0 0 0 5 0 0 0 0 0 17 0 0 0 15 0 0 0 18 7 0 0 1 5 0 0 0
"ASV1657" 0 0 0 0 0 0 0 0 0 0 0 0 0 0 0 0 0 0 0 0 0 0 0 0 0 0 0 0 29 0 0 0 0 0 0 0
"ASV1659" 0 0 0 0 0 0 0 0 0 0 0 0 0 0 0 0 0 0 0 0 0 0 0 0 32 0 0 0 0 0 0 0 0 0 0 0
"ASV1660" 0 0 0 0 0 0 0 0 0 0 0 0 0 0 0 0 0 0 0 0 0 0 0 0 27 0 0 0 0 0 0 0 0 0 0 0
"ASV2310" 0 0 0 0 0 1 0 0 12 0 0 0 0 0 0 0 0 0 0 0 0 1 0 20 0 0 0 0 0 0 1 0 0 0 0 0
"ASV2312" 0 0 0 0 0 0 0 0 2 0 0 0 5 0 3 0 0 0 0 0 0 0 0 0 0 0 0 0 0 0 9 0 3 0 2 0
"ASV2313" 0 0 0 0 0 0 0 0 0 0 0 0 0 0 0 0 0 0 0 0 0 0 0 0 0 0 0 0 0 0 16 0 0 0 0 0
"ASV2316" 0 0 0 0 0 0 0 0 0 1 0 0 4 0 0 5 0 0 0 11 0 0 0 0 9 0 0 0 0 0 0 0 0 0 0 8
"ASV2319" 0 0 0 0 0 0 0 0 0 0 0 0 0 0 0 0 0 0 0 0 7 0 14 0 0 0 0 0 0 0 0 0 0 0 0 0
"ASV841" 0 21 0 0 0 2 15 0 0 0 0 0 0 0 0 3 0 0 0 0 0 0 0 0 0 0 0 16 0 0 0 0 4 12 0 0
"ASV845" 0 12 0 0 4 0 5 13 17 7 1 5 7 5 11 4 0 0 0 25 24 0 5 0 0 4 8 5 28 15 0 2 0 0 0 0
"ASV1024" 0 13 4 0 9 9 3 0 5 3 0 0 0 0 0 1 0 0 1 0 0 1 0 7 4 1 0 13 0 0 0 0 0 0 0 0
"ASV687" 3 0 0 0 0 0 0 0 0 0 1 0 0 0 2 0 1 0 0 0 0 1 9 0 6 0 0 0 0 70 0 0 8 4 0 0
"ASV486" 0 2 2 0 0 3 0 0 5 3 1 0 0 15 0 35 0 0 2 11 27 4 6 1 10 16 16 33 13 10 2 3 4 0 51 19
"ASV341" 22 27 49 1 12 21 21 2 24 6 39 16 0 2 0 4 0 0 0 0 0 0 0 0 0 0 0 1 1 0 0 0 0 0 0 0
"ASV372" 0 24 16 11 10 1 0 24 25 12 0 1 1 27 3 0 0 1 1 1 3 0 1 0 2 3 1 18 8 1 4 0 0 22 0 12
