"K20_1M10" "K20_1M2" "K20_1S10" "K20_1S2" "K20_2M10" "K20_2M2" "K20_2S10" "K20_2S2" "K20_3M10" "K20_3M2" "K20_3S10" "K20_3S2" "K21_1M10" "K21_1M2" "K21_1S10" "K21_1S2" "K21_2M10" "K21_2M2" "K21_2S10" "K21_2S2" "K21_3M10" "K21_3M2" "K21_3S10" "K21_3S2" "K22_1M10" "K22_1M2" "K22_1S10" "K22_1S2" "K22_2M10" "K22_2M2" "K22_2S10" "K22_2S2" "K22_3M10" "K22_3M2" "K22_3S10" "K22_3S2"
"ASV1" 85056 85188.5 84835 86254 86373 85330 86011 86491.5 84639.5 85567.5 84007.5 86434.5 45563.5 67582 50695.5 71711 34480 67443.5 52777 55869 53597 70583 51926 52342.5 7578 25556 7469 35148 12093 21638.5 16262 26223.5 13701.5 22158.5 15626.5 26778
"ASV2" 637 295.5 581 397 622 602 786.5 387 685 396 490 304 24243 2845 16005.5 3316 18532.5 3694.5 15942 6001 17240 2866 17285 4052 39850 9607.5 36763 10682 29668.5 8486.5 33069.5 12358.5 32151.5 8155 32135 15701
"ASV3" 22 44 33 12 22 31.5 31 4 19 28 44 1 12 44 75 6.5 29 192.5 41 49 42 39 18 50 3920 22443 4447 14831.5 2023 13211.5 2921.5 29535.5 1385.5 8939 2585.5 24258
"ASV4" 20 34 14 34 21 31 8 20 9 41 24 9.5 2340 2533.5 2500 570 5053.5 2854 3422.5 1700 1721 2165 1661 1424.5 9901.5 8421 3263 6557.5 18089 8612 12001 3796 5100.5 9192 3973 2045
"ASV5" 64 71 39 73.5 75.5 56 44 55 44 76 51 34.5 94 395.5 48 148 68.5 60 70.5 54 54 89 81 90 4829 3122 4224 760.5 3702.5 675 11599.5 1880.5 19321.5 2328.5 16930 4573
"ASV6" 11 6 10 19 9 5 8 18 12 4 12 14.5 2767 2665 5812 2808 7744.5 1674 5980.5 7561.5 1880 1507.5 2444.5 10547 1165 634 1989 3724.5 1384 829 546 565 4849.5 1553 2591.5 594
"ASV7" 6 14 4 6 10 7 3 2 6 11 4 3 15 12 8 3 4 9 11 5 15 9 3 10 889 4298.5 872 3744.5 5253 18415 1033 3208 1444 22509.5 1248 4617
"ASV8" 291.5 486 471 405.5 179 677.5 327 261 504 489 523 345.5 1600 2192 2790 1636 643.5 2248 1049.5 2384.5 1126 2098 1418 2637 807 1567 659 1164.5 855 1035.5 558 904 368 1131 529 956
"ASV9" 5.5 2 2 11 2 4 4 9.5 7 3 7 8 2187 1876 2830 1297 1393 1243 1897.5 5846 1010.5 746 1060 5213 884 351 1469 1463.5 420.5 553 564 781 3512.5 338 2217 371.5
"ASV14" 26.5 25 3 19 12 30 3 4 3 22 4 5 3025.5 932 1781 1314.5 3014 1427 2787 1445.5 2690.5 1096 4249 1140 32 7 52 1631 104 62 9 45 142 36 69 34
"ASV10" 4 3 2 2 2 4 3 6 2 1 5 2 626.5 5 456 61 4087 5 445 23 626 9 321 63 2950.5 1086 4471 306 1379.5 728.5 1554.5 202 1076 1087 958 84
"ASV11" 6 4 3 4 6 3 1 5 7 0 3.5 2 43 149 291 115 9087.5 642 758.5 629 203 86 208 155 1107 230 122 251 2131.5 888 230 28 1665.5 53 505.5 104.5
"ASV12" 177 126 104 80.5 79.5 75 63 54 109 91 106 57 570 1866.5 268 1301.5 447 873 506 1197 549 1160 689 1574 1160 804.5 565 606 504 939 371.5 644 287.5 890 249 670
"ASV13" 332 191 404 104 172.5 168 80 205 324.5 310.5 273 130 278 416 356 323 489.5 515.5 164 400.5 413 589 352 790 865.5 1414.5 861 943 821 1207.5 499 700 418.5 1215.5 628.5 914.5
"ASV15" 8 23 0 9 7 4 1 0 1 7 8 3 40 20 34 7 23 27 17 79 22 27 37 22 3686.5 164 13855 70 157 71 227 105 139 31.5 95 67
"ASV16" 30.5 48 35 28.5 31 29 18 13 66 36 44 26 585.5 775.5 214.5 480 360.5 781 162.5 1035 1752.5 719.5 1403 1113 132 186 66 184 234 97 79 53 54 78.5 18 54
"ASV17" 10 18 11 28 10 23 10 15.5 9 30 10 6 254 58 702 219 316 123 219 307 235 280 249 374 835 319 996 799 2471 335 2265.5 777.5 292 381 1385 361.5
"ASV25" 0 1 2 0 2 0 3 5 3 1 4 1 3 14 1 67 85 2 17 2 2 15 4 11 154 396 984 154 441 635.5 91 1325.5 236 910 240 551
"ASV27" 68.5 49 64 37 11 50 43 61 103 51.5 113.5 39 145 82 268 186 108 163 198 194 262 72 209 364 80 170 121 605 334 366.5 235 358.5 218 300 139 602.5
"ASV28" 41 56 43 50 14 53 16 19 72 32 44 21 199 243.5 184 100 90 348 142.5 322 306 213 308.5 857.5 182.5 301 98 90 247 257 105 43 27 101 106.5 132
"ASV34" 102 143 106 51 52 53 51 53 84 61.5 205 58 462 118 203 202.5 77 142 73.5 253 87.5 319 48 220 135 201 143 230 172 236.5 66 110 74 275 28 227
"ASV39" 99 104 54 38 52 88 28 39 51 108 85.5 46 61 163.5 113 162 74.5 77 55 44 41 73 50 528 1640.5 88 75 138 87.5 131 58 36 26 103.5 69 64
"ASV42" 48 57 33 72 22 36 13 23 33 35 64 38 113 375 75 134 213 257 124.5 140 394.5 724 455 639 4 10 9 2 0 22 14 6 1.5 39 2 28
"ASV46" 0 0 1 0 0 3 0 0 2 2 7 10 39 0 8 0 7 0 2 0 53 3 3 1 1 0 4 28 2 0 2 0 7 0 3143 0
"ASV48" 88.5 99.5 143 59 52 66 97 80 147 64 171 92 75 116 30 76 80 86 39 197 216 201 24 239 51 166 158 341.5 248 101 61 20 35.5 0 44.5 117
"ASV47" 0 1 1 0 0 5 0 0 0 6 1 0 0 53 1 25 2 170 0 8 0 12.5 9 38 22 618 4 209 106 1321 125 214 19 867 35 795.5
"ASV49" 70 27 20 57 44.5 73 48 36 66 105 98 57 32 78 306 112 126 3 119 226 167 249 169 124 0 40 214 201.5 79 0 60 197.5 25 0 91 2
"ASV50" 17.5 18 24 3 11 18 9 3 6.5 26 18 8 151 137 150 63 105 101.5 138 292 168 91 139 271 113.5 247.5 125 71 131 176 87 48.5 63 73 42 171
"ASV52" 3 2 1 1 0 4 1 5 2 8 2 7 37 67 12 10 23 52 58 68 70 31 56 36 601 108 399 111 270.5 345 89 152 67 256 49 159
"ASV55" 12 2 3 6 2 1 3 5 9 5 1 1 106 97 54 67 27 48.5 5 43 60 93 28 15 87 567 251 133 162 75 225 229 157 195 73 336
"ASV58" 64 101 66 42 45 29 50 29 166.5 115 297.5 16 129 224 66 81 151 169 129 66 106 100 123 280 2 79 12 54 50 25 44 36 14 47 10 0
"ASV57" 6 2 3 1 1 3 2 4 1 1 6 1 471 125 229 7 27 116 6 75 170 45.5 23 1 1 1 25 21 23 0 15 739.5 349 456 14 87
"ASV61" 173 124 120 70 101 117 78.5 55 165 79 167 74 53 84 79 59 53 55 51 60 61 48 24 80 86.5 0 85 65 141 197 77 60 18 43 92 38.5
"ASV64" 0 0 0 0 0 3 0 0 0 2 0 0 0 2 0 0 0 1 1 0 0 1 0 1 0 0 0 0 0 2450.5 16 0 0 40 1 0
"ASV69" 2 9 5 6 1 3 4 3 8.5 2 3 1 7 1 1 4 24.5 962 19 0 2 13 33 8 15 152 42 94.5 0 101 33 53 21 125 18 78
"ASV73" 48 87 55.5 37 14 47 23 21 41 46 42.5 30 32 63 44 75.5 59 70.5 17 58 229 123 251 98 55 55.5 70 38 88 45.5 49 90 10 44 16 15
"ASV72" 0 0 0 0 0 0 0 0 0 1 0 0 0 0 0 0 0 0 0 0 0 0 0 1 47 622.5 68 38 326 249 202 8 9 196 1 2
"ASV75" 10 10 49 26 8 40 5 6 21 35.5 45 23 365.5 19 30 0 9 104 20 31 55 95 317 185 86 1 1 0 27 5 58 0 0 9 25 26.5
"ASV86" 1 0 1 1 0 0 1 0 0 2 0 0 8 11 0 0 10 26 4 31 1 22 15 62 145 288 79 96 43 110 33 131 32 133 64 104.5
"ASV80" 0 5 5 5 0 1 13 5 2 0 0 1 63 1 75 23 1 26 49 48 5 33 50 179 112 126 67 77 37 14 17 110 36 53 33 65
"ASV104" 2 3 1 1 0 4 0 2 0 6 8 4 19 2 8 9 11 6 1 5 0 4 11 48.5 256 15 25 96 116 33 443 33 19 40 30 67
"ASV96" 20 57 51 35 16 18 19 15 28 22 173 44 21 15 52 23 10 14 0 27.5 67 4 17 25 16 178 52 17 14 9 27 11 14 47 30 29
"ASV106" 15 8 18 26 19 8 9 22 6 6 20 3 0 27 27 28 14 29 8 0 133 18 83 16 98 236 112 19 89.5 5 33 68 48 6 122 46
"ASV103" 10 1 1 1 0 0 1 0 1 8 0 1 19 2 19 56 9 6 11 10 22 10 3 64 140 213 92 27 106 140 41 30 43 115 15 42
"ASV107" 0 1 2 0 0 0 0 1 2 0 9 0 16 30 23 11 3 26 19 23 34.5 40 13 31.5 24 148.5 85 77 56 73 36 84 38.5 32 7 30
"ASV101" 0 0 1 1 2 0 0 0 2 1 2 0 2 91 13 22 2 0 0 60 4 13 0 19 543 0 103 2 14 145 143 7 49 0 48 17
"ASV100" 32.5 18 24 12 6 10 10.5 1 12 8 55 3 32 0 16 7 7 27.5 26 72.5 114 12 51 7 64 31 25 33 32 21 32 146.5 0 36 27 6
"ASV149" 5 19 25 5 10 0 3 1 6 20 4 4 34 44 45 69 7 49 0 34 52 92 17 59 113.5 42 34 21 41 88 10 12 14 56 33 25
"ASV102" 3 5 21 15.5 12 6 26 29 28 13 45 27 50 29 40 30 32 33 2 30 38 43 43 1 6 38 101 3 2 5 69 16 5 2 2 14
"ASV114" 36 41 93 20 16 90 27 27 50.5 28 89 35 2 38 27 0 25 1 20 8 19 3 48 51 24 0 5 0 1 8 6 0 5 1 73 0
"ASV123" 5 5 102.5 0 4 0 1 9 5 0 0 0 32 1 44 0 123 77.5 8 0 28 7 123 0 0 0 22 1 35 11 0 0 0 0 184 0
"ASV122" 0 2 0 1 0 4 0 0 0 0 1 1 24 1 10 28 20 21 1 6 13 18 34 8 57 92 40 9 40 8 404 7 7 31 10 21
"ASV121" 8 15 17 1 0 4 0 9 13 8 3 18 12 2 13 24 66 12 11 3 21 3 10 61 262 11 33 41 59 6 6 7 7 53 10 38
"ASV133" 78 34 28 4 12 20 22 36 28 19 40 30 60 0 3 2 0 30 23 114 10 29 20 64.5 2 1 0 3 1 1 0 32 3 0 3 20
"ASV137" 5 0 1 4 13 0 6 5 5 2 1 12 37 48 44 0 4 43 0 8 5 10 34 10 9 20 62 86 106.5 3 11 42 15 10 47.5 79
"ASV195" 9 1 10 1 1 1 2 3 1.5 7 1 8 59 18 42.5 16 18 9 3 17 3 43.5 36 4 17 80 15 36 56 32 37 27 24.5 64 84 27
"ASV126" 24 17.5 59 20 14 35 12 35 7 8 45 40 13 5 7 14 26 0 25 15 81.5 44 32 41 45 0 24 0 55 7 11 82 15 6 20 19
"ASV124" 0 0 0 0 1 0 0 0 1 1 1 1 0 0 1 1 0 0 0 1 0 2 0 0 1 38 8 20 34.5 426 5 33 5 94 5 51
"ASV131" 16 4 7 2 3 9 3 1 54 2 11 15 1 2 0 2 3 1 2 1 3 1 3 2 3 39 17 41 3 117 1 24 0 413.5 21 66
"ASV130" 21 24 19 28 8.5 57.5 38 22 36 19 31 28 3 1 1 0 37 0 1.5 0 31 0 67 31 17 12 54 1 52 42 0 0 0 0 10 10
"ASV151" 0 1 0 0 0 0 0 0 1 0 4 0 0 1 1 2 0 1.5 0 0 1 0 2 0 7 86 4 57 127 177 65 19 8 92 0 25
"ASV145" 0 1 0 0 1 1 0 0 0 3 0 1 32 8.5 26 34 34 84 2 62.5 22 42 48 10 37 24 77 12 39 44 52 17 39 21 21 28
"ASV146" 0 1 0 0 0 0 0 0 0 1 0 0 1 0 0 0 0 0 0 0 0 1 0 0 13 42 1 58.5 57 271 7 15 1 161 26 61
"ASV143" 20 33 24 17 13 9 0 4 28 11 112 10 38 25 17 34 0 10 37 11 4 1 23 19 9 0 1 6 101 16 19 1 20.5 0 0 29
"ASV152" 0 10 0 2 0 2 1 0 0 1 0 0 0 1 1 0 0 4 0 0 0 0 2 0 0 0 0 0 0 179 4 412.5 1 34 1 0
"ASV159" 55 49 29 8 10 30 28 12 40 28 73 20 32 9 6 1 0 0 7 1 84 10 1 51 1 0 2 1 38 5 22 0 32 0 22 8
"ASV171" 3 5 0 10 0 0 0 0 0 4 0 4 0 12 0 6 7 2 37 4 2 36 0 2 34 116 73 14 68 40 1 7 8 84 21 7
"ASV168" 35 61 29.5 5 15 42 25 14 38 30 68 20 0 5 3 2 16 0 0 13 18 7 13 23 3 24 21 0 23 0 2 0 0 0 0 0
"ASV164" 5 3 2 0 2 2 0 3 2 1 0 4 4 0 18 0 12 25 5 2 46 0 13 16 52 27 40 35 52 36 3 12 18 47 23 43
"ASV174" 9 10 0 5 0 12 5 0 4 6 4 5 4 5 13 34 0 7 2 0 24 1 26 12 34 148 1 3 0 3 0 0 0 1 3 42
"ASV1016" 0 1 1 0 0 0 1 0 7.5 0 3 3 0 10 7 0 0 8 0 0 0 0 0 0 0 0 0 0 0 0 0 0 3 0 0 0
"ASV1019" 0 2 0 0 0 0 0 1 0 0 0 0 0 2 5 0 0 0 14.5 0 0 3 0 0 0 10 0 0 0 0 0 0 0 2 0 0
"ASV1022" 0 0 0 0 0 0 0 5 4 0 3 0 0 0 0 5 0 0 2 0 0 0 0 2 2 22 11 0 0 0 0 0 1 2 1 1
"ASV1025" 0 0 2 0 5 1 0 0 0 4 0 0 0 0 0 0 0 0 0 0 0 0 0 0 0 0 32 0 1 0 10 0 0 0 15 0
"ASV1026" 0 0 0 0 0 0 0 0 0 0 0 0 0 0 0 0 0 0 0 0 0 0 0 0 20 0 29 0 13 0 0 0 0 0 0 0
"ASV1028" 0 0 2 0 0 0 1 4 2 0 1.5 1 1 2 0 1 2 2 0 1 3 1 21 0 0 2 7 0 0 0 9 0 0 0 0 0
"ASV1031" 0 1 2 0 0 0 4 0 0 0 0 0 16 0 23 0 0 0 0 0 0 0 0 0 0 0 0 0 0 0 0 0 0 0 0 0
"ASV1036" 0 0 0 0 0 0 0 0 0 1 2 0 0 0 3 0 0 1 0 2 12 0 0 0 0 1 3 0 0 0 13 0 0 6 0 0
"ASV1313" 0 0 0 0 0 8 1 0 0 0 1 1 0 0 3 0 12 0 5 2 0 0 0 0 2 4 4 0 1 0 1 0 0 0 0 5
"ASV1041" 0 0 0 0 0 0 0 0 0 0 0 0 0 0 32 0 0 0 0 0 0 0 0 0 0 0 0 0 0 0 0 0 0 0 0 0
"ASV1042" 0 0 0 0 0 0 0 0 0 0 0 0 0 0 0 0 0 0 0 8 1 0 0 0 0 15 0 0 0 0 1 0 0 0 0 19
"ASV1045" 0 0 0 0 0 0 0 0 0 0 0 0 0 0 0 0 0 0 0 0 0 0 0 0 0 0 0 41 0 0 0 0 0 0 0 0
"ASV1046" 0 0 0 0 0 0 0 0 0 0 0 0 0 0 0 0 0 0 0 0 0 0 0 0 0 0 0 51 0 0 10 0 0 0 0 0
"ASV1047" 0 0 0 0 0 0 0 0 0 0 0 0 0 0 0 0 0 0 0 0 35 0 0 0 1 5 0 0 0 0 0 0 0 0 0 0
"ASV1049" 0 0 0 0 0 0 0 0 0 0 0 0 0 0 0 0 0 0 0 27 0 0 0 0 0 0 4 0 0 0 0 0 0 0 0 0
"ASV1050" 0 0 1 0 0 0 1 0 0 0 1 1 0 9 0 0 0 1 11 8 0 0 7 1 10 0 0 2 26 0 1 15 1 28 8 0
"ASV1052" 0 4 0 0 0 0 2 1 5 1 16 7 12 0 2 0 0 0 0 8 0 0 0 0 0 0 0 0 0 1 0 0 0 0 0 0
"ASV1057" 0 0 0 2 0 5 0 1 0 8 3 1 0 0 0 0 0 15 0 10 0 4 0 0 0 0 0 4 0 0 0 0 0 0 0 1
"ASV1067" 0 0 0 0 6 0 0 0 0 0 0 0 0 47 0 0 0 0 0 0 0 0 7 0 0 1 0 0 0 0 0 0 0 0 0 0
"ASV1073" 0 0 0 0 0 0 1 0 0 0 0 0 0 0 0 0 0 0 0 0 0 0 0 6.5 0 0 1 25 3 0 6 0 0 10 0 0
"ASV1074" 0 0 0 0 0 0 0 0 0 0 0 0 0 0 0 0 0 0 0 0 0 0 0 0 0 34 0 0 0 0 0 0 0 0 0 0
"ASV1075" 0 0 0 0 0 0 0 0 0 0 0 0 13 0 0 0 0 0 12 0 0 0 0 0 0 0 0 0 0 0 0 0 0 0 9 0
"ASV1078" 0 0 1 0 0 0 0 0 0 0 0 0 0 0 0 0 0 0 0 0 0 0 0 0 0 0 0 0 3 0 0 0 0 3 0 39.5
"ASV1081" 7 0 0 6 0 0 0 2 18 0 0 0 0 0 0 0 0 0 0 10 0 0 0 0 0 0 0 0 2 0 0 0 0 0 1 9
"ASV1083" 0 0 0 0 0 0 0 0 0 0 0 0 0 0 0 0 0 0 0 0 46 0 9 0 0 0 0 0 0 0 0 0 0 0 0 0
"ASV1099" 2 0 0 0 0 2 0 0 0 0 0 1 2 0 0 0 0 0 0 0 8 21 7 0 0 0 0 0 6 0 0 0 0 0 0 0
"ASV1100" 0 0 0 0 1 0 0 0 0 0 0 0 12 0 0 7 0 0 0 0 11 0 0 8 0 0 1 0 0 0 0 0 7 0 1 0
"ASV1102" 0 0 0 0 0 0 0 0 0 0 0 0 0 0 0 0 0 0 0 0 0 0 0 0 0 0 0 0 0 26 0 0 0 0 0 0
"ASV1103" 0 8 0 1 0 2 1 0 0 0 0 0 0 1 0 0 9 0 0 0 0 0 1 0 0 0 0 0 0 0 0 0 0 0 0 0
"ASV1111" 0 0 0 0 0 2 1 0 0 0 3 1 2 0 0 1 2 1 0 0 2 3 7 0 0 2 5 0 0 0 5 2 0 0 4 0
"ASV1117" 2 0 0 0 0 1 1 0 0 0 2 1 2 0 3 1 1 1 0 2 2 2 4 0 0 2 7 0 0 0 7 11 2 0 3 0
"ASV1118" 0 0 0 0 0 0 0 0 0 0 1 0 0 0 0 0 0 3 0 0 0 0 0 27 0 0 0 0 5 0 4 2 0 0 0 1
"ASV1119" 0 0 0 0 0 0 0 0 0 0 0 0 0 0 0 0 0 0 0 0 0 21 0 0 0 0 0 0 0 0 0 0 0 0 0 0
"ASV1120" 0 0 0 0 0 0 0 0 0 0 0 0 0 63 0 0 0 0 0 0 0 0 0 0 0 0 0 0 0 0 0 0 0 0 0 0
"ASV1129" 0 0 0 0 0 0 0 0 0 0 0 0 0 35 0 0 0 0 0 0 0 0 0 0 0 0 0 0 0 0 0 0 0 0 0 0
"ASV1133" 0 0 4 0 0 2 0 11 5 0 0 0 2 0 0 0 0 3 11 0 0 0 0 0 0 0 0 0 1 0 0 0 3 0 0 0
"ASV1134" 0 0 0 0 0 0 0 0 0 0 0 0 0 0 0 0 0 33 0 0 15 0 0 0 0 0 0 0 0 0 0 0 0 0 0 0
"ASV1137" 0 0 0 0 0 0 0 0 0 0 0 0 0 0 0 0 16 0 0 0 17 0 0 0 0 0 0 0 0 0 0 0 0 0 0 0
"ASV1138" 0 1 2.5 4 3 0 0 2 4 3 0 0 0 2 0 0 0 0 0 0 0 0 0 0 0 0 0 3 2 0 0 0 0 3 0 4
"ASV1148" 0 3 0 0 0 2 0 0 0 0 0 0 1 18 0 0 2.5 15 1 0 0 2 1 0 11 0 0 0 0 0 0 0 0 0 0 0
"ASV1151" 0 0 0 0 0 0 3 0 0 0 0 0 0 0 0 8 0 0 0 0 0 0 0 0 0 0 6 0 0 21 0 0 0 0 0 0
"ASV1153" 0 0 2 0 0 0 0 0 0 2 0 0 0 0 0 0 0 0 7 0 0 2 0 10 0 0 8 0 0 0 0 10 0 0 0 0
"ASV1155" 0 0 0 0 0 0 0 0 2 0 0 1 0 0 0 0 0 0 0 0 0 0 0 0 0 0 0 0 23.5 0 0 0 3 0 0 0
"ASV1164" 0 0 0 0 0 0 0 0 0 0 0 3 0 0 0 0 0 0 0 0 0 0 0 1 0 0 0 0 14 0 0 0 0 0 0 0
"ASV1166" 0 0 0 0 0 0 0 0 0 0 0 0 1 0 0 0 0 0 26 0 0 0 34 1 0 0 0 0 1 0 0 0 0 0 0 0
"ASV1169" 0 1 0 0 0 0 0 1 0 0 3 0 1 0 0 6 9 1 0 0 0 6 3 0 0 1 10 1 0 0 2 0 0 0 0 0
"ASV1174" 1 0 0 0 0 0 0 0 0 0 0 0 0 0 0 0 0 0 0 0 0 0 0 0 0 0 0 0 21 0 0 3 0 12 0 0
"ASV1179" 0 6 0 1 0 0 7 1 4 0 4 0 0 0 0 0 0 0 0 0 0 0 0 0 0 0 0 1 0 0 0 0 0 0 0 0
"ASV1180" 0 0 3 0 4 0 0 0 2 0 0 0 11 0 0 0 13 1 0 0 0 0 4 0 0 0 0 0 0 0 0 0 9 0 0 0
"ASV1989" 0 0 0 0 0 0 0 0 0 0 0 0 0 0 0 0 0 0 0 13 0 0 0 0 0 0 0 0 0 0 0 0 0 0 0 0
"ASV1990" 0 0 0 0 0 0 0 0 0 0 0 0 0 12 0 0 3 0 0 0 0 0 0 0 0 0 0 0 0 0 0 0 0 0 0 0
"ASV1992" 0 0 0 0 0 0 0 0 0 0 0 0 0 0 0 0 0 0 0 0 0 0 0 0 5 0 0 0 0 0 16 0 6 0 6 0
"ASV1996" 0 0 0 0 0 0 0 0 0 0 0 0 0 0 0 0 0 0 0 0 0 0 0 0 7 0 0 0 12 0 0 0 0 0 4 0
"ASV1997" 0 0 0 0 0 0 0 0 0 0 0 0 0 0 0 0 0 0 0 0 0 0 0 0 0 0 0 0 0 0 0 0 12 0 3 0
"ASV1998" 0 0 0 0 0 0 0 0 0 0 0 0 0 0 0 0 0 0 0 0 0 0 0 0 0 0 0 0 0 0 0 0 0 0 0 12
"ASV1999" 0 0 0 2 0 0 0 0 0 0 6 0 0 0 0 0 0 0 0 0 0 0 2 0 0 0 8 0 0 0 3 0 0 0 0 0
"ASV2001" 0 0 0 0 0 0 0 0 0 0 0 0 0 0 11 0 0 0 0 0 0 0 0 0 0 0 0 0 0 0 0 0 0 0 0 0
"ASV2004" 0 0 0 0 0 0 0 0 0 0 0 0 0 0 0 0 0 0 0 0 0 0 0 0 0 0 0 15 0 0 0 0 0 0 0 0
"ASV2006" 0 0 7 0 0 0 0 0 0 0 1 0 0 0 0 0 0 0 0 0 0 0 0 0 0 0 0 0 0 0 0 0 0 0 0 0
"ASV2008" 0 0 0 8 0 0 0 0 0 0 0 0 0 0 0 0 0 0 0 0 0 0 0 0 0 0 0 0 0 0 0 0 0 0 0 4
"ASV2010" 0 0 0 0 0 0 0 0 0 0 0 0 0 0 0 0 0 0 0 0 0 0 0 0 15 0 0 0 0 0 0 0 0 0 0 0
"ASV2013" 0 0 0 0 0 0 0 0 0 0 0 0 0 0 0 0 0 0 0 0 0 0 0 0 0 18 0 0 0 0 0 0 0 0 0 0
"ASV2015" 0 1 0 0 0 0 4 0 3 3 0 0 0 0 0 0 0 0 1 0 0 0 0 0 0 0 0 6 0 0 5 0 0 0 3 0
"ASV2018" 0 0 0 0 0 0 0 0 0 1 0 1 0 0 0 0 0 0 0 18 0 0 0 0 0 0 0 0 0 0 0 0 0 0 0 0
"ASV2021" 0 0 0 0 0 0 0 0 0 0 0 0 0 0 0 0 0 0 0 0 0 0 0 0 11 0 0 0 0 0 0 0 0 0 0 0
"ASV2025" 0 0 0 0 0 0 0 0 0 0 0 0 0 0 0 0 0 0 0 0 0 1 1 0 0 0 1 0 0 19 0 0 0 0 0 0
"ASV2038" 0 0 0 0 0 0 0 0 1 0 0 0 0 0 0 0 0 0 0 0 0 0 0 0 0 0 0 0 0 0 0 0 0 13 0 0
"ASV2059" 0 0 0 11 0 0 0 0 0 0 0 0 0 0 0 0 0 0 0 0 0 0 0 0 0 0 0 0 0 0 0 0 0 0 0 0
"ASV2060" 0 0 1 0 1 0 1 0 0 1 0 3 2 0 0 0 0 0 0 0 0 0 3 0 0 0 0 0 0 0 0 0 0 0 0 0
"ASV2062" 0 0 1 1 0 0 0 1 0 1 1 1 0 0 0 1 2 1 0 0 0 2 4 0 0 2 4 0 0 0 1 1 0 0 1 0
"ASV2065" 0 0 0 0 0 0 0 0 0 0 0 0 0 0 1 0 0 0 0 17 0 0 0 0 0 0 0 0 0 0 0 0 0 0 0 0
"ASV2070" 0 0 0 0 0 0 0 0 0 0 0 0 0 0 0 0 0 0 0 0 0 0 0 0 2 0 0 0 3 0 0 0 0 0 11 0
"ASV2071" 0 1 1 3 3 0 5 0 0 0 0 0 0 0 0 0 0 0 6 0 0 0 0 0 0 0 0 0 0 0 0 0 0 0 0 0
"ASV2076" 0 2 0 0 0 0 0 0 2 0 0 1 0 0 5 0 0 0 0 1 11 0 0 0 0 0 12 0 0 0 0 0 0 0 0 0
"ASV2080" 0 0 0 0 0 0 0 0 0 0 0 0 0 0 0 0 1 17 0 0 2 0 0 0 0 0 0 0 0 0 0 0 0 0 0 0
"ASV2083" 0 0 0 0 0 0 0 0 0 0 0 0 0 0 0 0 0 0 0 0 0 0 0 0 28 0 0 0 0 0 0 0 0 0 0 0
"ASV2084" 0 0 9 0 0 0 0 0 0 0 0 0 0 0 0 0 0 0 0 0 0 0 0 0 0 0 0 3 2 0 0 0 0 0 0 1
"ASV2085" 0 0 0 0 2 0 0 0 0 0 0 0 0 0 0 0 0 0 0 0 0 0 0 0 0 0 0 1 0 0 0 12 0 0 1 0
"ASV2086" 0 0 0 0 0 0 0 0 0 0 0 0 0 0 0 0 0 0 0 0 0 0 0 0 0 0 0 0 0 0 0 14 0 0 0 0
"ASV2091" 0 0 0 0 0 0 0 0 0 0 0 0 0 0 0 0 12 0 0 0 0 0 0 0 0 0 0 0 0 0 0 0 0 0 0 0
"ASV2100" 0 0 0 0 0 0 0 0 0 0 0 0 0 0 23 0 0 0 0 0 0 0 0 0 0 0 0 0 0 0 0 0 0 0 0 0
"ASV2114" 0 0 0 0 0 0 0 0 0 0 0 0 0 0 0 0 0 0 0 0 0 0 0 0 0 0 0 0 0 0 0 0 0 13 0 0
"ASV2115" 0 0 0 0 0 0 0 0 0 0 0 0 0 0 2 0 0 0 0 0 0 0 0 0 0 0 0 0 0 0 0 0 0 0 0 15
"ASV2120" 0 0 0 0 0 0 0 0 0 0 0 0 0 0 0 0 0 10 0 0 0 0 0 0 0 0 0 0 0 0 0 0 0 0 0 0
"ASV2129" 0 0 0 0 0 0 0 10 0 0 0 0 0 0 0 0 0 0 0 0 0 0 8 0 8 0 0 0 0 0 0 0 0 0 0 0
"ASV2136" 0 2 0 0 2 0 1 0 0 3 2 0 0 0 0 0 0 0 0 0 0 0 0 0 0 0 0 0 2 0 0 0 0 0 0 0
"ASV2137" 8 2 0 3 0 0 0 0 0 0 0 0 0 0 0 0 0 2 0 0 0 0 0 0 0 0 0 0 0 0 0 0 0 14 0 0
"ASV2139" 0 0 0 0 0 0 0 0 0 0 0 0 0 0 0 0 0 8 0 0 0 0 0 0 0 0 0 0 0 0 0 0 0 0 0 0
"ASV1361" 0 3 0 0 0 0 5 1 0 0 8 0 0 0 0 0 0 0 0 0 0 0 0 0 0 0 6 0 0 0 0 0 0 0 0 0
"ASV1366" 1 0 0 0 0 0 0 0 0 1 1 0 0 26 0 0 0 0 0 0 0 0 0 0 0 0 0 0 0 0 0 0 0 0 0 0
"ASV1367" 0 0 0 0 0 0 0 0 0 0 1 0 0 0 0 0 0 0 5 0 0 0 0 0 26 0 0 0 0 0 7 0 1 0 0 0
"ASV1369" 0 0 0 0 0 0 0 0 0 0 1 0 0 0 0 1 1 0 0 0 0 0 0 0 0 0 0 1 20 0 0 0 0 0 0 0
"ASV1370" 0 0 0 0 0 0 0 0 0 0 0 0 0 0 0 0 0 0 1 0 0 0 0 0 0 0 0 38 0 0 0 0 0 0 0 0
"ASV1373" 0 0 0 0 0 0 0 0 0 0 0 0 0 0 0 0 28 0 0 0 0 0 0 0 0 0 0 0 0 0 0 0 0 0 0 0
"ASV1376" 0 0 0 0 0 0 0 0 0 0 0 0 0 0 0 0 0 0 0 0 0 0 0 0 0 0 0 0 0 0 0 0 0 0 28 0
"ASV1377" 0 0 0 0 1 0 0 1 0 0 2 0 0 0 4 0 7 0 0 0 0 0 0 0 0 3 1 0 1 0 0 0 0 21 1 3
"ASV1378" 0 0 0 0 0 0 0 0 20 0 0 0 0 0 0 0 0 0 0 0 0 0 0 0 0 0 0 0 0 0 0 0 0 0 0 0
"ASV1380" 1 0 0 0 0 0 0 2 0 0 0 0 0 0 0 22 0 0 4 0 0 0 0 0 0 0 0 0 0 0 0 0 0 0 0 0
"ASV1385" 0 0 0 0 0 0 0 0 0 0 0 0 0 0 0 20 0 0 0 0 0 0 0 0 0 0 0 0 0 0 0 0 0 0 0 0
"ASV1390" 0 3 1 0 0 0 0 1 0 0 0 0 0 17 0 0 0 0 0 14 0 7 0 0 1 0 0 0 0 0 2 1 0 0 0 0
"ASV1400" 2 0 0 0 4 0 0 1 0 1 7 0 0 0 0 0 0 16 0 0 0 0 0 0 0 0 0 0 0 0 0 0 0 0 0 0
"ASV1402" 0 0 1 0 1 0 2 0 0 0 0 1 2 0 0 0 0 1 0 0 1 1 4 0 0 0 1 0 0 0 6 0 0 0 0 2
"ASV1405" 0 0 0 0 0 0 0 0 0 0 0 0 0 0 0 0 0 0 0 1 0 0 0 0 0 0 0 0 20.5 0 2 0 0 0 0 0
"ASV1406" 0 1 0 0 0 0 0 0 0 0 0 0 0 1 0 0 4 0 0 0 0 0 0 0 1 0 0 0 0 0 0 0 0 0 17 0
"ASV1407" 0 0 0 0 0 5 1 0 1 0 1 0 0 0 0 0 0 0 0 0 0 0 0 0 0 0 0 0 0 0 0 0 0 0 0 22
"ASV1410" 0 0 0 0 0 0 0 0 0 0 0 0 0 0 0 0 0 0 0 0 0 0 0 0 28 0 0 0 2 0 0 0 0 0 0 0
"ASV1416" 0 0 0 0 1 0 2 0 0 0 1 1 4 0 0 1 1 1 0 1 1 2 5 0 0 0 3 0 0 0 3 0 0 0 2 0
"ASV1417" 0 0 0 0 0 0 0 1 0 0 0 0 0 0 0 0 0 0 0 0 0 0 0 26.5 0 0 0 0 0 0 0 0 0 0 0 0
"ASV1422" 0 0 0 3 0 0 0 0 0 0 0 0 14 9 3 0 0 0 0 0 0 0 0 0 0 0 0 0 0 0 0 0 0 0 0 6
"ASV1425" 0 0 1 0 0 0 0 0 0 0 0 0 0 0 0 0 0 0 0 0 0 0 0 0 0 0 26 0 0 0 0 0 0 0 0 0
"ASV1426" 0 0 0 0 0 0 0 0 0 0 0 0 0 0 0 0 0 0 0 20.5 0 0 0 0 0 0 0 0 0 0 0 0 0 0 0 0
"ASV1427" 0 0 0 0 0 0 0 0 0 0 0 0 0 0 0 0 0 0 0 0 0 0 0 0 0 0 20 0 12 0 0 0 2 0 1 0
"ASV1430" 0 0 0 0 0 0 0 0 0 0 0 0 0 0 0 17 0 0 0 0 0 0 0 0 0 0 0 0 0 0 0 0 0 0 0 0
"ASV1431" 16 0 3 0 0 2 7 0 0 0 4 0 0 0 0 0 0 0 0 0 0 0 0 0 0 0 0 0 0 0 0 0 0 0 0 0
"ASV1432" 0 0 0 0 0 0 0 0 0 0 0 0 0 12 0 0 1 0 0 0 0 0 44 0 0 0 0 0 0 0 0 0 0 0 0 0
"ASV1434" 0 0 0 0 0 0 0 0 0 0 4 0 0 0 0 0 0 0 0 0 0 0 0 0 0 0 0 0 25 0 0 0 0 0 0 0
"ASV1436" 0 0 0 0 0 0 1 0 0 0 0 0 26 0 0 0 0 0 0 0 0 0 0 0 0 0 0 0 0 0 0 0 0 0 0 0
"ASV1437" 0 0 0 0 0 0 0 0 0 0 0 0 0 4 17 1 7 0 0 0 2 0 4 0 0 0 0 1 0 0 3 0 0 0 0 0
"ASV1438" 0 0 0 0 1 0 0 0 0 0 0 0 0 0 0 0 17 0 0 0 0 0 0 0 0 0 0 0 0 0 0 0 0 0 0 0
"ASV1446" 0 0 0 0 0 0 0 0 0 0 0 0 0 0 0 0 0 0 0 0 0 0 0 0 0 0 0 0 16 0 6 0 0 0 0 0
"ASV1448" 0 0 0 0 0 0 0 0 0 0 0 0 0 0 0 0 0 0 0 0 0 0 0 0 0 0 0 0 19.5 0 0 0 0 0 0 0
"ASV1450" 0 0 0 0 0 0 0 0 0 0 0 0 0 0 0 0 0 0 0 0 0 0 0 0 0 0 0 30 0 0 0 0 0 0 0 0
"ASV1451" 0 0 0 1 0 0 0 0 0 0 0 0 0 0 0 0 14 0 0 0 0 0 0 0 0 0 0 0 0 0 0 11 0 0 0 0
"ASV1452" 0 0 0 0 2 0 0 0 0 1 0 0 0 0 1 0 0 0 0 0 0 0 15 0 0 0 31 0 0 0 0 0 0 0 2 0
"ASV1459" 12 0 0 0 0 0 0 0 0 0 0 0 0 0 0 0 0 0 0 0 0 0 0 0 18 13 0 0 0 0 0 0 0 0 0 0
"ASV1461" 0 2 0 0 0 0 0 0 1 0 0 0 0 0 6 0 1 0 0 0 0 0 0 0 0 0 0 0 0 0 0 0 0 0 0 12
"ASV1462" 0 0 0 0 0 0 4 0 1 0 0 0 0 0 0 0 0 2 0 0 0 1 0 0 0 0 0 13 0 0 1 0 0 0 0 0
"ASV1466" 0 2 0 0 0 0 0 0 1 0 0 0 0 0 0 0 0 0 0 0 50 0 0 0 1 0 0 0 0 0 0 0 0 0 0 0
"ASV1468" 0 0 0 0 0 0 0 0 0 0 0 5 0 0 0 19 0 0 0 0 0 0 0 0 0 0 0 0 0 0 0 0 0 0 0 0
"ASV1469" 0 7 0 3 10 0 0 0 0 0 1 0 0 0 0 0 0 0 0 0 0 0 0 0 0 0 0 0 0 0 0 0 25 0 0 0
"ASV1476" 0 2 0 2 0 1 2 1 2 2 2 1 15 0 12 5 7 2 16 2 2 1 10 2 2 3 3 3 5 0 7 4 13 2 5 3
"ASV1486" 0 0 0 0 0 1 0 0 0 0 0 0 1 0 0 1 0 0 0 0 0 0 0 0 1 0 2 0 0 0 1 28 0 0 0 1
"ASV1487" 0 0 1 0 0 0 0 1 0 0 8 0 0 0 6 0 0 0 0 0 2 0 1 0 0 0 0 0 3 0 4 0 0 0 0 0
"ASV1489" 0 0 0 0 0 0 0 3 0 0 0 0 0 0 0 0 0 2 0 0 0 0 0 3 0 0 0 0 14 0 0 0 0 0 0 0
"ASV1494" 0 0 0 0 0 0 0 0 0 0 0 0 0 0 0 0 0 0 0 0 0 0 0 0 31 0 0 0 0 0 0 0 0 0 0 0
"ASV1495" 0 0 0 0 0 0 0 0 0 0 0 0 0 0 0 0 0 0 0 0 0 0 0 0 0 0 0 0 0 0 0 0 0 0 0 24
"ASV1498" 0 0 0 0 0 0 0 0 0 0 0 0 0 0 0 0 0 0 0 0 0 0 0 0 0 0 0 53 0 0 0 0 0 0 0 0
"ASV1504" 3 2 1 14 1 0 0 2 0 4 3 1 0 0 0 0 0 0 0 1 0 0 0 0 0 0 1 0 1 0 0 0 0 2 0 0
"ASV1826" 0 3 0 0 0 0 0 0 4 0 0 0 0 10 0 0 0 0 0 0 0 0 8 0 0 0 0 0 0 0 0 0 0 2 0 0
"ASV1827" 14 0 0 2 0 1 0 0 2 7 2 0 0 3 2 0 0 0 0 0 0 0 0 0 10 0 8 0 9 0 4 7 0 7 0 13
"ASV1835" 0 0 0 0 0 0 0 0 0 0 0 0 0 0 0 0 0 0 0 0 0 11 0 0 0 0 0 0 0 0 10 0 0 0 0 0
"ASV1836" 0 0 0 0 0 0 0 0 0 0 0 0 0 0 0 0 0 0 0 0 0 0 0 0 0 0 0 0 0 0 0 0 0 25 0 0
"ASV1838" 0 0 0 0 0 0 0 0 0 0 0 0 0 0 0 0 0 0 0 0 0 0 0 0 0 0 0 0 0 0 13 0 0 0 0 0
"ASV1841" 0 0 0 0 0 0 0 0 0 0 0 0 0 0 0 0 0 0 0 0 0 0 0 0 0 0 0 0 13 0 0 0 0 0 0 0
"ASV1844" 0 0 0 0 0 0 0 0 0 0 0 0 0 0 0 0 0 12.5 0 0 0 0 0 0 0 0 0 0 0 0 0 0 0 0 0 0
"ASV1847" 0 0 0 0 0 0 0 0 0 0 0 0 0 0 0 0 0 0 0 0 0 0 0 0 0 0 0 0 25 0 0 0 8 0 0 0
"ASV1850" 6 3 0 0 0 0 0 0 0 0 0 0 3 0 0 0 0 0 0 0 0 15 0 0 0 0 4 0 0 0 0 0 0 0 0 0
"ASV1851" 0 0 0 2 0 4 0 0 1.5 1.5 6 0 0 0 0 0 0 0 8 0 7 3 0 0 0 0 0 0 0 0 0 0 0 0 0 0
"ASV1855" 0 0 0 0 0 0 0 0 0 0 0 0 0 0 0 0 0 0 0 0 0 0 0 0 0 0 0 17 0 0 0 0 0 0 0 0
"ASV1856" 0 0 0 0 0 0 0 0 0 0 0 0 0 0 0 0 0 0 9 0 0 0 0 0 0 0 0 0 0 0 0 0 0 0 0 0
"ASV1861" 0 0 0 0 0 0 0 0 0 0 0 0 0 0 0 0 0 0 0 0 0 0 0 0 0 17 0 0 0 0 0 0 0 0 0 0
"ASV1864" 0 0 0 0 0 0 0 0 0 0 0 0 0 0 3 0 0 0 0 0 0 0 0 0 0 25 0 0 0 0 0 0 0 0 0 0
"ASV1871" 0 0 0 0 0 0 0 0 0 0 0 0 0 0 0 0 0 0 0 0 0 0 0 0 0 0 0 0 16 0 0 0 0 0 0 0
"ASV1872" 0 0 0 0 0 0 0 0 0 0 0 0 0 0 0 0 0 2 0 0 0 0 0 0 0 0 21 0 0 0 0 0 0 0 0 0
"ASV1873" 0 0 0 0 0 0 0 0 0 0 0 0 0 0 0 0 0 0 0 0 0 0 0 0 0 0 0 0 0 0 0 13 0 0 0 0
"ASV1876" 0 0 0 0 0 0 0 0 0 0 0 0 0 0 0 0 0 0 0 0 0 0 0 0 0 0 0 0 0 0 0 0 0 14 0 0
"ASV1877" 5 0 0 0 0 0 0 0 0 0 1 0 0 0 0 0 0 0 0 0 0 0 0 0 0 9 0 0 6 0 0 0 0 0 0 0
"ASV1879" 0 0 0 0 0 0 0 0 0 0 0 0 0 0 0 0 0 0 0 0 0 0 0 0 0 29 0 0 0 0 0 0 0 0 0 0
"ASV1882" 2 0 0 0 0 0 0 0 0 0 0 0 0 0 0 0 5 0 0 0 0 0 0 0 0 0 8 0 8 0 0 0 0 0 11 0
"ASV1883" 0 0 12 0 0 0 0 0 0 0 0 0 0 0 0 0 0 0 0 0 0 0 0 0 0 0 0 0 0 0 0 0 0 0 0 0
"ASV1889" 0 0 11 0 0 0 0 0 0 3 0 3 0 0 0 0 0 0 2 0 0 0 0 0 0 0 14 0 0 0 0 0 0 0 0 0
"ASV1893" 0 0 0 0 0 0 0 0 0 0 0 0 13 0 0 0 0 0 0 0 0 0 0 0 0 0 0 0 0 0 0 0 0 0 0 0
"ASV1898" 0 0 0 0 0 0 0 0 0 0 0 0 1 0 0 0 0 0 0 0 6 0 0 0 0 16 0 0 0 0 0 4 2 0 0 0
"ASV1901" 0 0 0 0 0 0 0 0 0 0 0 0 0 0 0 0 0 0 0 0 0 0 0 0 0 0 0 0 0 24 0 0 0 0 9 0
"ASV1902" 0 0 0 0 0 0 0 0 0 0 0 0 0 15 0 0 0 0 0 0 0 0 0 0 0 0 0 0 0 0 0 0 0 0 0 0
"ASV1904" 0 0 0 0 0 0 0 0 0 0 0 0 0 0 0 0 0 0 0 0 0 0 0 0 13.5 0 0 0 0 0 0 0 0 0 0 0
"ASV1907" 0 0 0 0 0 0 0 0 0 0 4 0 0 0 6 0 0 0 0 0 0 0 0 0 0 0 13 0 0 0 0 0 0 0 0 0
"ASV1911" 3 2 0 0 0 2 12 0 0 0 4 0 0 0 0 0 0 0 0 0 0 0 0 0 0 0 0 0 0 0 0 0 0 0 0 0
"ASV1913" 0 0 1 0 0 0 0 0 0 0 0 0 0 0 0 0 0 0 0 0 0 0 0 0 0 0 0 0 20 0 0 0 0 0 0 0
"ASV1918" 0 0 0 0 0 0 2 6 0 0 0 0 0 0 1 0 3 1 0 0 0 0 1 0 0 0 0 0 0 0 0 0 0 0 0 0
"ASV1921" 0 5 0 0 0 0 0 0 6 0 0 3 0 0 0 0 0 0 0 0 0 0 0 0 0 0 0 0 0 0 0 0 0 0 0 0
"ASV1923" 0 0 0 0 0 0 0 0 0 0 0 0 0 0 0 0 0 0 0 0 4 0 0 6 0 17.5 0 0 0 0 0 0 0 0 0 0
"ASV1928" 0 0 0 0 0 0 1 1 1 1 1 1 2 0 1 0 1 1 0 0 1 0 3 0 0 1 2 0 0 0 1 0 0 0 0 0
"ASV1933" 0 0 0 0 0 0 0 0 0 1 0 0 0 0 0 0 0 0 11 0 0 0 0 0 0 0 0 0 0 0 0 0 0 0 0 0
"ASV1935" 0 0 0 0 0 0 0 0 0 0 0 0 0 0 0 0 0 0 2 0 0 0 0 2 4 8 0 4 5 0 2 0 0 5 1 0
"ASV1936" 0 0 0 0 0 1 1 0 1 0 1 0 0 0 0 0 3 1 12 0 0 1 1 0 0 0 0 0 1 0 1 0 1 0 1 0
"ASV1942" 0 0 0 0 0 0 0 0 0 0 0 0 0 0 0 0 0 0 0 0 0 0 10 0 0 0 0 0 0 0 0 0 0 0 0 0
"ASV1943" 0 0 0 0 0 0 0 0 0 0 0 0 0 0 0 0 0 0 0 0 0 0 0 0 0 0 0 0 0 16 0 0 0 0 0 0
"ASV1945" 0 0 0 0 0 0 0 0 0 0 0 0 0 10 0 0 6 0 0 0 0 0 0 0 0 0 0 0 0 0 0 0 0 0 0 0
"ASV1946" 0 0 0 0 0 0 0 0 0 0 0 0 0 0 0 0 0 0 0 0 0 0 0 0 0 0 0 18 0 0 0 0 0 0 0 0
"ASV1949" 0 0 0 0 0 0 0 0 0 0 0 0 0 0 0 0 0 0 0 0 0 0 0 6 0 0 11 0 0 0 0 0 0 0 0 0
"ASV1950" 0 0 0 0 0 0 0 0 0 0 0 0 0 0 0 0 0 0 0 0 0 0 0 0 0 0 0 0 14 0 0 0 0 0 0 0
"ASV1952" 0 0 0 0 0 0 0 0 0 0 0 0 0 0 0 0 0 0 0 16 0 0 0 0 0 0 0 0 0 0 0 0 0 0 0 0
"ASV1953" 0 0 0 0 0 0 0 0 0 0 0 0 0 0 3 0 0 0 0 0 0 0 0 0 0 11 0 0 0 0 0 0 0 0 0 0
"ASV1958" 0 0 0 0 0 0 0 0 0 0 0 0 0 0 0 0 0 10 0 0 0 0 0 0 0 0 0 0 0 0 0 0 0 0 0 0
"ASV1959" 0 0 2 0 0 0 0 0 0 0 0 0 0 0 6 0 11 0 0 0 0 0 0 0 0 0 0 0 0 0 8 0 0 0 0 0
"ASV1961" 0 0 0 0 0 0 0 0 0 0 0 0 0 0 0 0 0 0 0 0 0 0 0 0 0 0 0 0 0 0 0 0 0 0 0 11
"ASV1962" 0 0 0 0 0 0 0 0 0 0 0 0 0 0 0 0 0 0 0 0 0 0 0 0 0 0 0 0 0 0 0 13 0 0 0 0
"ASV1963" 0 5 6 0 1 0 0 0 0 1 2 0 0 0 0 0 0 0 0 0 0 3 0 0 0 0 0 0 0 0 0 0 0 0 0 0
"ASV1965" 0 0 0 0 0 0 0 0 0 0 6 0 1 0 0 0 2 0 0 0 0 0 5 0 0 0 11 0 0 0 0 0 0 0 0 0
"ASV1972" 0 0 0 0 0 0 0 0 0 0 0 0 1 0 0 0 0 0 0 0 0 0 0 0 0 0 0 0 0 0 11 0 0 0 0 0
"ASV836" 0 0 0 0 0 0 0 0 0 0 0 0 0 0 0 0 0 0 0 0 0 0 0 0 0 0 0 60 0 0 0 0 0 0 0 0
"ASV837" 0 0 0 0 0 0 0 0 0 0 0 0 0 0 0 7 0 0 0 0 0 1 0 0 6 24 0 0 2 0 0 0 0 0 0 0
"ASV839" 0 0 0 0 0 0 0 0 0 0 1 0 0 0 0 1 0 0 0 0 0 0 0 41 0 0 0 0 0 0 0 0 0 0 0 0
"ASV840" 0 0 0 0 0 0 1 0 0 0 0 0 0 0 0 0 0 0 0 5 0 0 40 0 0 0 0 0 0 0 10 0 0 0 0 0
"ASV846" 0 0 1 1 2 0 0 1 1 2 1 1 2 0 3 0 3 0 0 2 4 3 12 0 0 2 9 0 0 0 12 0 0 0 2 3
"ASV851" 0 0 2 0 0 1 0 0 0 2 0 1 0 0 37 0 0 9 5 0 0 0 2 0 0 0 0 0 0 0 8 0 6 0 0 0
"ASV853" 0 0 0 0 0 0 1 0 0 0 7 1 1 1 2 3 8 1 0 0 1 12 2 0 0 0 12 3 1 0 1 0 0 1 1 0
"ASV856" 0 0 0 0 0 0 0 0 0 0 0 0 0 0 0 1 5 0 0 1 0 1 0 0 0 0 1 0 71.5 0 0 0 1 0 0 1
"ASV860" 0 1 1 0 2 0 0 0 1 1 2 0 2 1 0 1 9 0 0 13 0 1 3 0 0 0 39 2 1 0 1 1 0 2 0 0
"ASV864" 0 0 1 0 0 0 0 0 0 1 2 0 0 0 5 0 0 0 0 13 0 0 0 0 0 0 0 1 26 0 0 0 0 0 0 0
"ASV872" 0 1 0 0 0 0 0 0 4 0 0 3 0 0 0 0 8 0 0 0 0 0 0 0 0 35 0 0 0 0 0 0 0 0 0 0
"ASV874" 0 0 0 0 0 1 0 6 0 0 0 0 0 0 0 0 0 0 0 0 0 0 0 35 0 0 0 0 0 0 0 0 1 0 0 0
"ASV877" 0 0 0 0 0 0 0 0 0 0 0 0 0 0 0 0 0 0 0 23 0 0 9 4 0 0 0 0 0 0 0 0 0 0 2.5 0
"ASV881" 0 0 4 0 4 0 0 0 1 1 0 0 0 0 3 0 0 0 0 0 0 0 0 3 0 0 0 0 0 35 0 6 0 0 0 0
"ASV888" 0 0 0 0 0 0 0 8 0 0 0 0 0 0 0 39 4 0 0 0 0 0 0 0 0 0 10 0 0 0 0 0 0 0 0 0
"ASV895" 0 0 0 0 0 0 0 0 0 0 0 0 0 0 0 0 0 40.5 0 0 0 0 0 0 0 0 0 0 0 0 0 0 0 0 0 0
"ASV896" 0 0 0 0 0 0 0 0 0 0 0 0 0 0 0 0 0 0 0 0 0 0 0 0 0 0 0 0 66 0 0 0 5 0 0 0
"ASV898" 0 0 0 0 0 0 0 0 0 0 0 0 0 0 0 0 0 0 0 0 0 0 0 0 0 0 0 0 39 0 0 0 0 0 0 0
"ASV899" 2 24 8 0 0 13 2 0 3 4 5 0 0 0 0 0 0 0 0 0 0 0 0 0 0 0 0 0 0 1 0 0 2 0 0 0
"ASV901" 0 0 0 0 0 0 0 0 0 0 0 0 0 0 0 0 0 0 0 0 0 0 0 0 24 0 0 0 0 14 0 0 0 0 0 14
"ASV903" 0 10 5 0 0 0 0 2 11 4.5 2 0 0 0 3 1 3 0 4 6 0 25 0 1 0 0 2 0 19 0 0 3 0 0 0 0
"ASV905" 0 0 0 0 0 0 2 0 2 0 2 3 2 1 3.5 1 2 1 0 1 2 2 5 0 0 2 0 0 0 0 4 0 0 14.5 0 8
"ASV912" 0 0 0 1 2 1 2 0 0 0 2 0 0 0 0 0 0 0 1 0 0 0 33 0 0 0 0 1 0 0 0 0 0 0 0 0
"ASV914" 0 0 0 0 0 0 0 0 0 1 0 5 0 0 0 0 0 33 5 0 0 0 0 1 0 0 0 16 0 0 0 0 1 0 0 0
"ASV917" 0 1 0 0 0 0 0 0 0 0 1 0 0 0 0 0 2 0 0 0 0 0 0 0 0 60 0 0 0 0 0 0 0 0 0 0
"ASV1464" 0 0 1 0 0 0 3 1 0 2 1 1 3 8 2 3 2 4 0 1 3 0 20 0 0 2 5 0 0 0 19 0 0 0 1 0
"ASV920" 0 0 0 0 0 0 0 0 0 0 0 0 0 0 0 0 0 0 40 0 0 0 0 0 0 0 0 0 0 0 0 0 0 0 0 0
"ASV921" 0 0 0 0 0 0 0 0 0 0 0 0 0 0 0 0 0 0 0 0 0 0 0 0 0 40 0 0 0 0 0 0 0 0 0 0
"ASV922" 0 0 0 0 0 0 0 0 0 0 0 0 0 0 0 0 0 0 0 0 0 0 0 0 0 0 0 0 0 41.5 0 0 0 0 0 0
"ASV924" 0 0 0 0 0 0 0 0 0 0 0 0 0 0 0 0 0 0 0 0 0 0 0 0 0 0 54 0 0 0 0 0 0 0 0 0
"ASV928" 0 0 0 0 0 0 0 0 0 0 0 0 0 0 0 0 0 0 0 0 0 0 0 0 0 0 0 40 0 0 0 0 0 0 0 0
"ASV933" 0 1 0 0 0 0 0 0 0 0 0 0 0 5.5 0 0 0 0 0 0 0 15 0 0 0 0 0 0 0 8.5 0 0 0 0 0 16
"ASV935" 0 0 0 1 0 0 0 0 0 2 1 1 9 0 0 0 0 0 0 0 1 20 0 0 0 0 0 0 0 0 0 0 8 0 0 12
"ASV937" 0 0 0 0 0 0 1 0 5 0 6 0 0 0 0 4 18 4 0 0 12 0 0 0 3 0 0 0 0 0 0 0 0 0 0 0
"ASV941" 0 0 0 0 0 0 1 0 0 0 0 0 0 0 0 0 0 0 0 1 0 0 0 0 0 0 0 36 0 0 0 0 0 0 0 0
"ASV944" 0 0 0 0 0 0 0 0 0 0 0 0 0 0 1 0 0 0 5 0 0 0 0 24 0 0 0 0 0 0 0 0 0 0 0 0
"ASV947" 0 57 1 0 0 0 1 0 3 1 0 0 6 8 4 0 3 1 0 0 0 2 0 0 0 0 13 5 0 0 0 0 3 0 0 0
"ASV948" 0 0 0 0 0 0 0 0 0 59 0 0 0 0 0 0 0 0 0 0 0 0 0 0 0 0 0 0 0 0 0 0 0 0 0 0
"ASV951" 0 0 0 0 0 0 0 0 0 0 0 0 0 0 0 0 0 0 11 0 0 0 22 0 0 0 0 26 0 0 0 0 0 0 0 0
"ASV952" 0 0 0 0 0 0 0 0 0 0 0 0 0 0 0 0 0 0 0 15.5 0 0 0 0 0 0 1 0 7 0 2 0 4 0 0 0
"ASV955" 5.5 0 0 0 0 0 0 0 0 0 0 0 0 0 0 0 0 0 0 0 11 8 0 1 31 0 0 0 4 0 0 0 0 0 0 0
"ASV966" 0 0 0 0 0 0 0 0 0 0 0 0 0 0 3 0 0 28 0 0 0 0 8.5 0 0 0 2 0 0 0 0 0 0 0 0 0
"ASV967" 0 11 0 0 1 3 6 2 0 1 0 0 0 1 0 1.5 0 9 0 0 0 0 0 0 0 0 0 0 9 0 0 0 0 0 0 0
"ASV1003" 0 0 0 0 1 0 1 0 0 0 1 1 0 1 0 1 1 0 0 0 0 1 0 1 0 0 1 8 0 18 1 0 0 0 10 0
"ASV977" 3 0 1 1 1 0 2 1 2 1 1 1 0 4 0 1 1 2 0 1 1 0 10 0 0 2 10 0 0 0 3 0 0 0 3 2
"ASV978" 0 0 0 0 0 0 0 0 0 0 1 0 0 0 0 0 3 0 0 14 16 0 0 0 0 0 0 0 2 13 0 0 0 0 6 6
"ASV984" 0 0 0 0 0 0 0 0 4 2 0 0 0 0 0 3 0 3 0 0 0 1 0 8 18 2 4 11 1 0 0 0 3 0 1 1
"ASV986" 4 0 0 0 0 8 0 0 0 0 2 4 3 17 0 0 0 8 0 0 0 0 0 0 0 0 0 0 0 0 0 0 0 0 0 0
"ASV992" 0 0 0 0 0 1 0 0 0 0 0 0 0 0 0 0 0 0 0 0 0 0 1 0 6 1 15 0 3 17 1 0 2 0 0 0
"ASV993" 0 0 0 0 0 0 0 0 2 0 6 0 0 2 0 0 0 0 0 5 0 0 0 21 0 0 0 0 0 0 0 9 0 11 0 0
"ASV2479" 0 0 0 0 0 0 0 0 0 2 0 0 0 0 0 0 11 0 0 0 0 0 0 0 0 0 0 0 0 0 0 0 0 0 0 0
"ASV2480" 0 0 0 0 0 0 0 0 0 0 0 0 0 0 0 0 0 0 0 0 0 0 0 0 0 0 0 0 0 0 0 0 0 0 9 0
"ASV2482" 0 0 0 0 0 0 0 0 0 0 0 0 0 0 0 0 0 0 0 0 0 0 0 0 0 0 0 9 0 0 0 0 0 0 0 0
"ASV2483" 0 0 1 0 0 0 0 0 0 0 0 0 0 0 10 0 0 0 0 0 0 0 0 0 6 0 0 0 0 0 0 0 0 0 0 0
"ASV2485" 0 0 0 0 0 0 0 0 0 0 0 0 0 0 0 0 0 0 0 0 0 17 0 8 0 0 0 0 0 0 0 0 0 0 0 0
"ASV2494" 0 0 0 0 0 0 0 0 0 0 0 0 0 0 0 0 0 0 0 0 0 0 0 0 0 23 0 0 0 0 0 0 0 0 0 0
"ASV2495" 0 0 0 0 0 0 0 0 0 0 0 0 0 0 8 0 0 0 0 0 0 0 6 0 0 0 0 0 0 0 0 0 0 0 0 0
"ASV2498" 0 0 0 0 0 0 0 0 0 0 0 0 0 0 0 0 0 0 0 0 0 0 0 0 0 0 0 0 0 0 0 0 0 0 13 0
"ASV2500" 0 0 0 0 0 0 0 1 0 0 0 0 0 0 16 0 0 0 6 0 0 0 0 0 0 0 0 0 0 0 0 0 0 0 0 0
"ASV2502" 0 0 0 0 0 0 0 0 0 0 0 0 0 0 0 0 0 0 0 0 17 0 0 0 0 0 0 0 0 0 0 0 0 0 0 0
"ASV2504" 0 0 0 0 0 0 0 0 0 0 0 0 0 0 0 0 0 0 0 0 0 0 0 0 0 0 0 0 0 0 0 0 0 11 0 0
"ASV2508" 0 0 0 0 0 0 0 1 1 0 0 0 0 0 0 0 0 0 0 0 0 0 0 9 0 0 0 0 0 0 0 0 0 0 0 0
"ASV2509" 0 1.5 0 0 0 0 0 0 1 0 0 0 0 0 0 0 0 0 1 0 0 0 0 0 0 0 0 5 14 0 0 0 3.5 0 0 2
"ASV2513" 0 0 1 0 0 0 1 0 0 0 0 1 1 0 0 0 0 0 0 0 0 0 1 0 0 3 3 0 0 0 1 0 0 0 0 0
"ASV2519" 2 2 0 0 2 3 1 0 0 0 2 3 6 2 2 4.5 8 2 7 0 4 1 6 2 1 0 0 2 4 3 3 1 5 0 2 2
"ASV2520" 0 0 0 0 0 0 0 0 0 0 0 0 0 0 0 0 0 0 0 0 0 0 0 0 0 0 0 0 0 17 0 0 0 0 0 0
"ASV2527" 0 0 0 0 0 0 0 0 0 0 0 0 0 0 0 0 0 0 0 0 0 0 0 0 0 0 0 0 0 0 0 15 0 0 0 0
"ASV2528" 0 0 0 3 0 5 0 0 0 0 0 0 0 0 0 0 0 0 0 0 0 0 0 0 0 0 0 0 0 0 0 0 0 0 0 0
"ASV2529" 0 0 0 0 0 0 0 0 0 0 0 0 3 0 0 0 0 0 0 17 0 0 0 0 0 0 0 0 0 0 0 0 0 0 0 0
"ASV2534" 0 0 0 0 0 0 0 0 7 0 0 0 0 0 0 0 0 0 0 0 0 0 0 0 0 0 0 0 0 0 0 0 0 0 0 0
"ASV2544" 1 0 0 0 0 0 0 0 0 0 0 0 0 0 0 0 0 0 0 0 0 0 0 0 4 0 0 0 0 0 13 0 0 0 0 0
"ASV2545" 0 0 0 0 1 0 0 2 0 0 0 0 0 0 0 9 0 0 0 0 0 0 0 0 0 0 0 0 0 0 0 0 0 0 0 0
"ASV2550" 0 0 0 0 0 0 0 0 0 0 0 0 0 0 0 0 22.5 0 0 0 0 0 0 0 0 0 0 0 0 0 0 0 0 0 0 0
"ASV2551" 0 0 0 0 0 0 0 0 0 0 0 0 0 0 0 0 0 0 0 0 0 0 0 0 0 0 0 0 0 0 0 0 0 18 0 0
"ASV2554" 0 0 1 0 0 0 0 0 0 0 0 0 0 0 9 0 0 0 0 0 0 0 0 0 0 0 0 0 0 0 0 0 0 0 0 0
"ASV2555" 0 0 0 0 0 0 0 0 0 0 0 0 0 0 0 0 0 0 0 0 0 0 0 0 0 0 0 0 0 0 0 0 12 0 0 0
"ASV2556" 0 0 0 0 0 0 0 0 0 0 0 0 0 0 0 0 0 0 0 0 0 0 0 0 0 0 0 0 0 0 0 10 0 0 0 0
"ASV2557" 0 0 0 0 0 0 0 0 0 0 0 0 0 0 0 0 0 0 0 0 0 0 0 0 15 0 0 0 0 0 0 0 0 0 0 0
"ASV2561" 0 0 5 0 0 0 0 0 0 0 0 0 0 0 0 0 0 0 0 0 0 0 0 0 0 0 0 0 0 0 0 0 0 0 0 0
"ASV2574" 0 0 0 0 0 0 0 0 0 0 0 0 0 0 0 0 0 0 0 0 0 0 0 0 0 0 0 0 0 13 0 0 0 0 0 0
"ASV2577" 0 0 0 0 0 0 0 0 0 0 0 0 0 0 0 0 0 6 0 0 0 0 0 0 0 0 0 0 0 0 2 0 0 0 0 0
"ASV2578" 0 0 0 0 0 0 0 0 0 0 0 0 0 0 0 0 0 0 0 0 0 15 0 0 0 0 0 0 0 0 0 0 0 0 0 0
"ASV2582" 0 0 0 0 0 0 0 0 0 0 0 0 0 0 9 0 0 0 0 0 6 0 0 0 0 0 0 0 0 0 0 0 0 0 0 0
"ASV2583" 0 0 0 0 0 0 0 0 0 0 0 0 0 0 0 0 0 17 0 0 0 0 0 0 0 0 0 0 0 0 0 0 0 0 0 0
"ASV2586" 0 1 0 0 1 0 0 0 0 0 0 0 0 0 0 0 6 0 0 0 0 0 0 0 0 0 0 1 0 0 0 0 0 0 0 0
"ASV2587" 0 0 0 0 0 0 0 0 0 0 0 0 0 0 0 0 10 0 0 0 0 0 0 0 0 0 0 0 0 0 0 0 0 0 0 0
"ASV2588" 2 0 1 1 2 1 0 2 2 1 0 0 1 1 1 0 2 1 0 0 0 3 1 0 0 0 1 2 1 0 2 2 3 2 0 2
"ASV2594" 0 0 0 0 0 0 0 0 0 0 0 0 0 0 0 0 0 0 0 0 1 0 0 0 12 0 0 0 2 0 0 0 0 0 0 0
"ASV2603" 0 0 0 0 0 0 0 0 0 0 0 0 0 0 0 0 0 0 0 1 0 0 0 0 0 7 0 0 0 0 0 0 0 0 0 0
"ASV2607" 0 0 0 0 0 0 0 1 5 1 0 0 0 0 0 0 0 0 0 0 0 0 0 0 0 0 0 0 2 0 0 0 0 0 0 0
"ASV2608" 0 0 0 0 0 0 1 0 9 0 0 0 0 1 0 0 0 0 0 0 0 0 0 0 0 0 0 0 0 0 0 0 0 0 0 0
"ASV2158" 0 0 0 0 0 0 0 0 0 0 0 0 0 0 0 0 0 0 0 0 0 0 0 0 0 0 0 0 0 19 0 0 0 0 0 0
"ASV2159" 0 0 0 0 0 0 0 0 0 0 0 0 0 8 0 0 0 0 0 1 0 0 0 0 0 0 0 0 5 0 0 0 0 0 0 0
"ASV2164" 1 0 0 0 0 0 0 0 0 0 0 0 0 0 0 0 0 0 0 0 0 0 0 0 0 0 0 0 0 0 0 0 0 10 0 0
"ASV2168" 0 0 0 0 0 0 0 0 0 6 0 3 0 0 0 0 0 0 0 0 0 0 0 0 0 0 0 0 0 0 0 0 0 0 0 0
"ASV2174" 0 0 0 0 0 0 0 0 0 0 0 0 0 0 19 0 0 0 0 0 0 0 0 0 0 0 0 0 0 0 0 0 0 0 0 0
"ASV2181" 0 0 11 0 0 0 0 0 0 0 0 0 0 0 0 0 0 0 0 0 0 0 0 0 0 0 0 0 0 0 0 0 0 0 0 0
"ASV2182" 2 3 1 0 0 4 0 1 3 1 0 0 1 2 0 0 2 0 0 0 1 2.5 1 0 0 0 0 1 1 0 1 3 2 1 0 0
"ASV2184" 0 0 0 2 0 0 0 0 0 2 0 0 0 0 0 0 0 0 0 0 0 0 5 0 0 0 5 0 0 0 5 0 0 0 5 2.5
"ASV2187" 0 0 0 0 0 0 0 0 1 2 0 1 0 2 0 0 0 0 0 0 0 0 0 0 0 0 10 0 0 0 0 0 0 0 0 0
"ASV2188" 0 1 0 0 0 0 0 3 0 0 0 0 0 0 0 5 3 0 0 0 0 0 0 0 0 8 0 0 0 0 0 0 0 0 0 0
"ASV2211" 0 0 0 0 0 0 3 0 0 0 0 1 0 0 4 0 6 0 0 0 15 0 0 0 0 0 0 0 0 0 8 0 0 0 0 0
"ASV2212" 0 0 4 0 0 0 0 0 0 0 0 0 0 0 5 0 0 0 0 0 0 0 0 0 0 0 0 0 0 0 0 0 0 0 0 0
"ASV2213" 0 0 1 0 0 1 0 2.5 0 0 0 1 0 0 0 0 0 0 19 0 0 0 8 0 0 0 0 0 0 0 0 0 0 0 0 0
"ASV2219" 3 0 0 0 0 3 4 0 0 0 1 0 9 0 3 0 1 3 0 2.5 2 12 7 0 0 5 7 0 0 0 7 1 1.5 0 2 0
"ASV2220" 0 3 2 0 17 0 0 1 0 0 1 0 0 16 0 0 4 0 0 0 0 4 0 3 0 0 0 0 0 0 0 0 0 7 0 0
"ASV2221" 0 0 0 0 0 0 0 0 0 0 0 0 1 0 0 0 0 0 0 0 0 13 0 0 0 0 0 0 0 0 0 0 0 0 0 0
"ASV2224" 0 0 0 0 0 0 0 0 0 0 0 0 12 0 0 0 0 0 0 0 0 0 0 0 0 0 0 0 0 0 0 0 0 0 0 0
"ASV2226" 0 0 0 0 0 0 0 0 0 0 0 0 0 0 0 0 0 0 0 0 0 0 0 0 0 0 0 10 0 0 0 0 0 0 0 0
"ASV2228" 6 0 0 0 0 0 0 0 4 0 0 0 0 0 0 0 0 0 0 0 0 0 0 0 0 0 0 0 9 0 0 0 0 0 0 0
"ASV2234" 0 0 0 0 0 0 0 0 0 0 0 0 0 0 0 0 0 9 0 0 0 0 0 0 0 0 0 0 0 0 0 0 0 0 0 0
"ASV2235" 2 0 0 0 0 0 0 1 0 0 0 0 0 0 0 0 0 0 0 0 0 0 0 0 0 0 15 0 0 0 0 0 0 0 2 0
"ASV2236" 0 0 0 0 0 0 0 0 0 0 0 0 0 0 0 0 0 0 0 0 0 0 0 0 0 0 0 0 0 0 0 0 0 11 0 0
"ASV2238" 0 0 0 0 0 0 0 0 0 0 0 0 0 0 0 0 0 0 0 0 0 0 0 0 0 0 0 0 8 0 0 0 0 0 0 0
"ASV2239" 0 0 0 0 0 0 0 0 0 0 0 0 0 0 0 0 0 0 0 0 0 0 13 0 0 0 0 0 0 0 0 0 0 0 0 0
"ASV2240" 0 0 0 0 0 0 0 0 0 0 0 0 0 0 0 0 0 0 0 0 0 0 16 0 0 0 0 0 0 0 0 0 0 0 0 0
"ASV2250" 0 0 0 0 0 0 0 0 0 0 0 0 0 0 0 0 0 0 0 0 0 0 0 0 0 0 0 18 0 0 0 0 0 0 0 0
"ASV2251" 0 0 0 0 0 0 0 0 0 0 0 0 0 0 0 0 0 9 0 0 0 0 0 0 0 0 0 0 0 0 0 0 0 0 0 0
"ASV2255" 0 0 0 0 0 0 0 0 0 0 0 0 0 0 0 0 0 0 11 0 12 0 0 0 0 0 0 0 0 0 0 0 0 0 0 0
"ASV2256" 0 0 0 0 0 0 0 0 0 0 0 0 12 0 0 0 0 0 0 0 0 0 0 0 0 0 0 0 0 0 0 0 0 0 0 0
"ASV2260" 0 0 0 0 0 0 0 0 0 0 0 0 0 0 0 0 0 0 0 0 0 0 0 0 0 0 0 0 0 0 0 0 0 0 14 0
"ASV2264" 0 0 0 0 0 0 0 0 0 0 0 0 0 12 0 0 0 0 0 0 0 0 0 0 0 0 0 0 0 0 0 0 0 0 0 0
"ASV2265" 0 0 0 0 0 4 0 0 0 0 0 0 0 0 0 0 0 0 0 0 0 0 0 0 0 0 0 0 0 0 0 0 0 8 0 0
"ASV2267" 0 0 0 0 1 0 0 0 0 0 0 0 3 0 0 0 0 0 1 0 2 3 0 0 2 0 0 21 5 1 2 3 1 0 3 0
"ASV2270" 0 4 0 0 0 0 0 0 0 0 0 0 0 0 0 0 0 0 0 0 0 0 9 0 0 1 0 8 0 0 0 0 0 0 0 0
"ASV2271" 0 0 0 0 0 0 0 0 0 0 0 0 0 0 0 0 0 0 0 0 0 0 8 0 0 0 0 0 0 0 0 0 0 0 0 0
"ASV2272" 0 0 0 0 0 0 0 0 0 0 0 0 0 0 0 0 0 0 0 0 0 0 0 0 0 0 0 0 12 0 0 0 0 0 0 0
"ASV2276" 2 7 1 1 0 0 1 0 10 1 3 0 0 0 0 0 0 0 0 0 0 0 0 0 0 0 0 0 0 0 0 0 0 0 0 0
"ASV2281" 0 0 0 0 0 0 0 0 0 0 0 0 0 0 0 0 0 0 0 0 0 0 10 0 0 0 0 1 0 0 0 0 0 0 0 0
"ASV2285" 2 0 0 0 0 0 0 2 0 0 1 0 2 0 0 0 1 1 0 0 1 0 1 0 0 0 0 0 0 0 0 0 0 0 0 0
"ASV2286" 0 0 0 0 0 0 0 0 0 0 0 0 0 0 0 0 0 0 0 0 0 0 0 0 0 0 0 0 0 0 9 0 0 0 0 0
"ASV2287" 0 0 0 0 0 0 0 0 0 0 0 0 0 0 0 0 1 0 0 0 0 0 0 0 6 0 0 0 0 3 0 0 0 0 0 0
"ASV2292" 0 0 0 0 0 0 0 0 0 0 0 0 0 0 0 0 0 0 0 0 0 0 0 0 0 0 0 0 0 18 0 0 0 0 0 0
"ASV2294" 0 0 0 0 0 0 0 0 0 0 0 0 11 0 0 0 0 0 0 0 0 0 0 0 0 0 0 0 0 0 0 0 0 0 0 0
"ASV2298" 0 0 0 0 0 0 0 0 0 0 0 0 0 0 0 0 0 13 0 0 0 0 0 0 0 0 0 0 0 0 0 0 0 0 0 0
"ASV2300" 0 0 0 0 0 0 0 0 0 0 0 0 0 0 0 0 0 0 0 0 9 0 0 0 0 0 0 0 0 0 0 0 0 0 0 0
"ASV2302" 0 0 0 0 0 0 0 0 0 0 7 0 0 0 0 0 0 0 0 0 0 0 0 0 0 0 0 0 0 0 0 0 0 0 0 0
"ASV2303" 0 0 0 0 0 0 0 0 0 0 0 0 0 0 0 0 0 0 0 0 0 0 0 21 0 0 0 0 0 0 0 0 0 0 0 0
"ASV1212" 0 0 0 0 0 0 0 0 0 0 0 0 0 0 0 0 0 0 0 0 0 0 0 0 0 0 0 0 0 26 0 0 0 0 0 0
"ASV1215" 0 0 4 0 0 0 0 0 0 0 0 0 0 0 0 0 0 0 0 0 0 21 0 0 12 0 0 0 0 0 0 0 0 0 0 0
"ASV1218" 0 0 0 0 0 0 0 0 0 0 0 0 0 0 0 0 0 0 2 0 0 0 0 0 3 0 8 0 0 0 0 40 0 0 0 0
"ASV1224" 0 0 0 0 0 0 0 0 0 0 0 0 0 0 0 0 0 0 0 0 0 0 0 0 4 0 0 0 0 0 0 0 0 0 28 0
"ASV1227" 0 0 0 0 0 0 1 0 0 0 0 0 0 0 0 0 0 0 0 0 12 0 0 0 0 0 10 0 23 0 0 0 0 0 0 12
"ASV1235" 0 0 0 0 0 0 0 0 0 0 0 0 24 0 0 0 0 0 0 0 0 0 0 0 0 0 0 0 0 0 0 0 0 0 0 0
"ASV1238" 0 0 0 0 0 0 0 0 0 0 0 0 0 2 1 0 0 0 0 0 1 0 0 35 0 0 0 1 0 0 0 0 0 0 1 0
"ASV1239" 0 0 0 0 33 0 0 0 0 0 0 0 0 0 0 0 0 0 0 0 0 0 0 0 0 0 0 0 0 0 0 0 0 0 0 0
"ASV1241" 0 0 0 0 0 3 0 0 0 0 0 0 34 0 0 0 0 0 0 0 0 0 0 0 0 0 0 0 0 0 0 0 0 0 0 0
"ASV1245" 7 1 0 0 0 0 12 0 10 0 0 2 0 0 2 5 12 4 0 0 0 0 0 0 0 0 5 0 0 0 10 0 0 0 9 0
"ASV1247" 0 0 0 0 0 0 0 0 0 0 0 0 0 0 0 0 0 0 0 0 0 0 0 0 0 0 0 0 0 0 0 0 0 27 0 0
"ASV1251" 0 0 0 0 0 0 0 0 0 0 0 0 0 0 0 0 0 0 0 0 0 0 0 0 0 0 0 0 0 0 0 0 0 0 29 0
"ASV1254" 0 0 0 0 0 0 0 0 0 0 0 0 0 0 0 0 0 1 0 0 0 29 0 0 0 0 0 0 0 0 0 0 1 0 0 0
"ASV1256" 0 0 0 0 0 0 0 0 0 0 0 0 0 0 0 0 0 0 0 0 0 0 0 0 0 0 0 0 0 0 2 49 0 0 0 0
"ASV1258" 0 0 0 0 0 0 0 0 0 0 0 0 0 0 0 0 0 0 0 0 0 0 0 0 0 0 0 0 27 0 0 0 0 0 0 0
"ASV1259" 0 0 0 0 0 0 0 0 0 0 0 0 0 0 0 0 0 0 0 0 0 0 0 0 0 0 0 0 0 0 0 0 0 0 29 0
"ASV1261" 0 0 0 0 2 0 0 0 0 0 0 0 14 0 0 0 1 2 0 0 0 4 0 0 0 0 0 0 0 0 0 0 0 0 0 5
"ASV1262" 0 0 0 0 0 0 0 0 0 0 0 0 0 0 0 0 0 0 0 0 0 0 0 0 0 0 0 0 21 20 0 0 0 0 0 0
"ASV1264" 2 0 0 0 0 0 0 0 0 0 0 0 0 3 0 0 0 0 0 0 0 0 0 0 0 0 0 0 30 0 0 0 0 0 0 0
"ASV1265" 0 0 0 0 0 0 0 0 0 0 0 0 0 14 6 0 0 5 0 1 0 0 0 0 0 0 1 0 0 0 0 0 0 0 0 0
"ASV1266" 1 0 1 0 0 0 0 0 7 1 0 0 0 0 0 16 0 0 0 0 0 0 14 0 0 6 0 0 0 0 0 11 0 0 0 0
"ASV1276" 10 0 0 0 0 0 1 0 0 0 0 0 0 0 0 0 0 0 0 0 0 0 15 0 12 0 0 0 0 0 0 0 0 1 0 0
"ASV1279" 0 0 0 1 1 0 1 2 2 0 1 0 1 0 1 1 1 1 0 1 2 3.5 4 0 0 2 3 0 0 0 6 0 0 0 3 0
"ASV1282" 2 0 6.5 3 6 2 5 2 0 0 0 1 0 0 0 0 0 0 0 0 0 0 0 0 0 0 8 0 0 0 3 0 0 0 10 0
"ASV1795" 0 0 0 0 0 0 0 0 0 0 0 0 0 0 0 0 0 0 0 0 0 0 0 35 0 0 0 0 0 0 0 0 0 0 0 0
"ASV1285" 0 0 0 0 1 0 0 0 0 0 0 0 0 0 0 0 0 0 0 0 0 0 0 0 0 0 0 0 35 0 0 0 0 0 0 0
"ASV1286" 0 0 0 0 0 0 0 0 0 0 0 0 0 0 0 0 0 0 0 0 0 21 0 0 0 0 0 0 0 0 0 0 0 0 0 0
"ASV1291" 0 0 0 0 0 0 0 0 0 0 0 0 0 0 0 0 0 0 0 0 0 0 0 0 0 0 0 0 41 0 0 0 0 0 0 0
"ASV1292" 0 0 0 0 0 0 0 0 0 0 6 0 10 0 0 0 0 0 0 0 0 0 0 14 4 0 2 0 0 0 1 0 13 0 0 0
"ASV1297" 0 0 0 0 0 0 0 0 0 0 0 0 0 0 0 0 0 0 0 0 0 0 0 0 0 0 22 0 0 0 0 0 0 0 0 0
"ASV1298" 0 0 1 0 0 1 0 0 0 0 0 0 3 0 0 0 0 2 0 0 0 0 0 10 0 0 6 0 0 0 0 0 10 0 0 0
"ASV1301" 0 0 0 0 0 0 10 0 0 0 0 0 0 0 0 0 0 0 0 0 0 0 0 0 0 0 0 0 0 0 13 0 0 0 0 0
"ASV1302" 0 0 0 0 0 0 0 0 0 0 0 0 0 0 0 0 0 0 0 7 0 0 0 0 22 0 0 0 0 0 0 0 0 9 0 0
"ASV1303" 3 1.5 0 0 0 0 0 0 0 0 0 0 23 0 0 0 0 0 0 0 0 0 0 0 0 0 0 0 0 0 0 1 0 0 3 0
"ASV1305" 0 0 0 0 0 0 0 4 1 0 0 0 17 0 0 0 18 0 0 0 0 0 0 0 0 0 0 0 0 0 0 0 0 0 0 0
"ASV1308" 2 0 0 0 0 0 1 0 0 0 0 0 0 0 0 0 0 0 0 0 0 16 0 0 0 0 0 15 0 0 0 5 0 0 0 0
"ASV1309" 0 1 11 3 0 0 0 0 0 6 5 0 0 0 0 0 0 0 0 0 0 0 0 0 0 0 0 0 0 0 0 0 0 0 0 0
"ASV1312" 0 0 0 0 0 0 0 0 0 0 1 0 0 5 0 0 0 0 6 0 0 0 11 0 0 0 0 0 0 0 0 0 0 9 0 0
"ASV1316" 0 0 0 1 0 0 0 0 0 0 0 3 0 0 0 0 0 4 0 0 0 5 0 0 0 0 14 0 0 0 0 3 0 0 0 0
"ASV1320" 0 0 0 0 0 0 0 0 0 0 0 0 0 0 0 0 0 0 0 0 1 0 0 0 0 0 0 0 0 0 1 0 0 0 0 32
"ASV1323" 0 2 1 0 0 0 0 0 0 0 0 0 0 1 0 0 0 0 0 0 0 4 0 33 0 0 0 0 0 0 0 0 4 0 0 0
"ASV1863" 3 6 0 0 0 0 0 0 1 0 0 0 0 0 0 0 0 0 0 0 0 0 0 15 0 0 0 11 0 0 0 0 0 0 0 0
"ASV1329" 0 0 0 0 0 0 0 0 0 0 0 0 30 0 0 0 0 0 0 0 0 0 0 0 0 0 0 0 0 0 0 0 0 0 0 0
"ASV1337" 0 0 0 0 0 0 0 0 0 0 0 0 0 0 0 0 0 1 0 0 0 0 0 0 0 0 0 33 0 0 0 1 0 0 0 0
"ASV1340" 0 0 0 0 0 0 0 0 0 0 0 0 0 0 0 0 0 0 0 0 0 0 0 0 0 0 0 0 0 0 0 0 0 0 26 0
"ASV1342" 6 0 0 0 3 0 0 0 2 0 1 2.5 2 2 0 0 4 2 0 2 1 0 1 0 0 0 1 0 0 0 7 0 0 0 0 0
"ASV1343" 0 0 0 0 0 0 0 0 0 0 0 0 0 0 0 0 0 0 0 0 0 0 0 0 0 0 0 0 0 37 0 0 0 0 0 0
"ASV1344" 0 0 0 0 0 0 0 0 0 0 0 0 0 0 7 0 0 0 0 0 0 0 0 0 0 0 2 0 14 0 0 0 0 0 0 0
"ASV1663" 0 0 0 0 0 0 0 0 0 0 0 0 0 0 0 0 0 0 0 0 0 0 0 0 0 0 0 0 0 0 24 0 0 0 0 0
"ASV1664" 0 0 0 0 0 0 0 0 0 0 0 0 0 0 0 0 0 0 0 0 0 0 0 0 0 0 0 1 5 0 21 0 0 0 0 0
"ASV1668" 0 0 0 0 0 0 0 0 0 0 0 0 0 0 0 0 0 0 0 0 0 0 0 15 0 0 0 0 0 0 0 0 0 0 0 0
"ASV1670" 0 0 0 0 0 0 0 0 0 0 0 0 0 0 0 0 0 0 0 0 0 0 0 0 0 0 0 0 0 0 16 0 0 0 0 0
"ASV1672" 1 0 0 0 0 0 0 0 30 0 0 0 0 0 0 0 0 0 0 0 0 0 0 0 0 0 0 0 0 0 0 0 0 1 0 0
"ASV1673" 0 0 0 0 0 0 0 0 0 0 0 0 0 0 0 0 0 0 0 0 14 0 0 0 0 0 0 0 0 0 0 0 0 0 0 0
"ASV1674" 0 0 0 0 0 0 0 0 0 0 0 0 0 0 0 0 0 21 0 0 0 0 0 0 0 0 0 0 0 1 0 0 0 0 0 0
"ASV1675" 0 0 0 0 0 0 0 0 0 0 0 0 0 0 0 0 0 0 0 0 0 0 0 12 0 0 0 0 1 0 0 0 0 0 0 0
"ASV1676" 0 0 0 0 0 0 0 0 0 0 0 0 0 0 0 0 16 0 0 0 0 0 0 0 0 0 0 0 0 0 0 0 0 0 0 0
"ASV1679" 0 0 0 0 0 0 0 0 0 0 0 0 0 0 0 0 0 0 0 0 26 0 0 0 0 0 0 0 0 0 0 0 0 0 0 0
"ASV1680" 0 0 0 0 0 0 0 0 1 0 0 0 0 14 0 0 0 0 0 0 0 0 0 0 0 0 0 7 0 0 0 0 0 0 0 0
"ASV1682" 0 0 0 0 0 0 0 0 0 0 0 1 0 0 2 0 0 0 0 4 0 0 3 4 0 0 0 0 0 0 0 3 0 0 0 0
"ASV1683" 0 0 0 0 0 0 0 0 0 0 0 0 0 0 0 0 0 0 0 0 0 0 0 11 0 0 0 0 0 0 0 0 0 0 0 0
"ASV1685" 0 0 0 0 0 0 0 0 0 0 0 0 13.5 0 0 0 0 0 0 0 0 0 0 0 0 0 0 0 0 0 0 0 0 0 0 0
"ASV1691" 0 0 0 0 0 0 0 0 0 0 0 0 0 0 0 0 0 24 0 0 0 0 0 0 0 0 0 0 0 0 0 0 0 0 0 0
"ASV1695" 0 0 0 0 0 0 0 0 0 0 0 0 0 0 0 0 0 0 0 0 0 0 0 0 0 0 0 0 0 0 3 0 0 20 0 0
"ASV1696" 0 0 0 0 0 0 0 0 0 0 0 0 0 0 0 0 0 0 0 0 0 0 0 0 20 0 0 0 0 0 0 0 0 0 0 0
"ASV1707" 0 0 0 0 0 0 0 0 0 0 0 0 0 0 0 0 0 0 0 0 0 0 0 0 0 0 0 0 0 20 0 0 0 0 0 0
"ASV1708" 0 0 0 0 0 0 0 0 0 0 0 0 0 0 0 0 0 0 0 0 14 0 0 0 0 0 0 0 2 0 0 0 0 7 12 0
"ASV1710" 0 0 0 0 0 0 0 0 0 0 0 0 0 0 0 0 0 0 0 0 5 0 0 0 0 0 0 0 12 0 0 0 0 0 0 0
"ASV1715" 0 0 0 0 0 0 0 0 0 0 0 0 0 0 0 0 0 0 0 0 2 0 26 0 0 0 0 0 0 0 0 0 0 0 1 0
"ASV1719" 1 3 0 0 9 0 0 0 0 2 1 0 0 0 0 1 0 0 0 0 0 0 3 0 2 0 0 0 2 0 0 0 2 0 0 0
"ASV1722" 0 0 0 0 0 3 0 0 0 0 0 0 0 0 9 0 0 0 0 0 0 0 0 0 0 0 0 8 0 12 0 0 0 0 0 0
"ASV1726" 0 0 3 0 0 0 0 1 1 0 2 2 0 2 2 3 0 1 0 0 2 3 4 0 0 0 10 0 0 0 9 0 0 0 0 1
"ASV1734" 0 0 0 0 0 0 0 0.5 5 1 0 7 0 0 0 0 0 0 0 0 0 0 0 0 0 0 15 0 0 0 0 0 0 0 0 0
"ASV1737" 0 0 1 0 0 0 1 1 1 0 0 1 0 2 0 0 10 3 0 3 0 2 3 0 0 3 2 0 0 10 12 0 0 0 1 0
"ASV1742" 0 0 0 0 0 0 0 0 0 0 0 0 0 0 0 0 0 0 15 0 0 0 0 0 0 0 0 0 0 1 0 0 0 0 0 0
"ASV1743" 0 0 0 0 0 0 0 0 0 0 0 0 0 21 0 0 0 0 0 0 0 0 0 0 0 0 0 0 0 0 0 0 0 0 0 0
"ASV1745" 0 0 0 0 0 0 0 0 0 0 0 0 0 0 0 0 0 0 0 0 0 0 0 0 0 0 0 0 21 0 0 0 0 0 0 0
"ASV1748" 0 0 0 0 0 0 0 0 0 0 0 0 0 0 0 0 0 0 0 0 26 0 0 0 0 0 0 0 0 0 0 0 0 0 0 0
"ASV1753" 0 0 1 0 0 0 0 0 2 0 0 0 0 0 0 0 0 0 0 0 0 0 0 0 0 0 0 0 0 0 0 0 0 17 0 0
"ASV1756" 7 0 0 0 0 0 0 0 0 0 4 0 0 0 0 0 0 0 0 0 0 0 0 0 0 0 0 0 0 0 0 0 0 0 0 0
"ASV1758" 0 0 0 0 0 0 0 0 0 0 0 0 0 0 0 0 0 0 18 0 0 0 0 0 0 0 0 0 0 0 0 0 0 0 0 0
"ASV1766" 0 0 0 0 0 0 0 0 0 0 0 0 1 0 0 0 0 0 0 0 0 0 24 0 0 0 0 0 0 0 0 0 0 0 0 0
"ASV1769" 0 0 0 0 0 0 0 0 0 0 0 0 0 0 0 0 0 0 0 0 0 0 0 0 0 0 0 0 0 22 0 0 0 0 0 0
"ASV1770" 0 0 0 0 0 0 0 0 0 0 0 0 0 0 1 0 0 0 0 0 0 0 0 0 0 0 0 0 0 0 0 0 0 0 0 17
"ASV1772" 0 0 0 0 0 0 1 0 0 0 0 0 0 0 0 0 3 0 0 0 0 0 0 0 0 0 0 0 0 3 0 28 6 0 0 0
"ASV1773" 0 0 0 6 0 0 0 0 0 0 1 0 0 0 0 0 0 0 0 0 0 0 0 0 0 0 5 0 15 0 0 0 0 0 0 0
"ASV1774" 0 0 0 0 0 0 0 15 0 0 0 0 0 0 0 0 0 0 0 0 0 0 0 0 0 0 0 0 0 0 0 0 0 0 0 0
"ASV1775" 0 0 0 0 0 0 0 0 0 0 0 0 0 0 0 0 0 0 0 0 24 0 0 0 0 0 0 0 0 0 0 0 0 0 0 0
"ASV1776" 0 0 0 0 0 0 0 0 1 0 0 0 0 0 0 0 0 0 0 0 0 0 0 0 0 0 2 0 0 0 0 0 0 0 0 28
"ASV1777" 0 0 0 0 0 0 0 0 0 0 0 0 0 0 0 14 0 0 0 0 0 0 0 0 0 0 0 0 0 0 0 0 0 0 0 0
"ASV1778" 0 0 0 0 0 0 0 0 0 0 0 0 0 0 0 0 0 0 0 0 0 0 0 0 0 0 0 0 0 25 0 0 0 0 0 0
"ASV1781" 0 0 0 0 0 0 0 0 0 0 0 0 0 0 0 0 0 0 0 0 0 0 0 0 0 0 0 0 0 0 0 0 0 18 0 0
"ASV1786" 0 0 0 0 0 0 0 0 0 0 0 0 0 0 0 0 0 0 0 0 0 0 0 0 0 0 0 0 14.5 0 0 0 0 0 0 0
"ASV1787" 0 0 0 0 0 0 0 0 0 0 0 0 0 0 0 0 0 0 0 0 0 0 0 0 0 0 0 0 0 0 0 0 0 0 18 0
"ASV1788" 0 0 0 0 0 0 0 0 0 0 0 0 0 0 0 0 0 0 0 0 1 0 0 0 26 0 0 0 0 0 0 0 0 0 0 0
"ASV1805" 1 3 3 0 0 0 3 1 6 2 3 0 0 0 0 0 0 0 0 6 0 0 0 0 1 0 0 0 0 0 0 0 0 0 0 0
"ASV1808" 0 0 0 0 0 0 0 0 0 0 1 0 0 0 2 0 0 0 0 0 2 4 18 0 0 0 0 0 0 0 0 0 0 0 0 0
"ASV353" 0 0 1 2 0 0 0 0 0 0 4 0 35 9 4 0 0 11 0 0 13 0 0 3 2 28 0 7 3 0 13 1 0 27 6 3
"ASV394" 0 4 0 0 2 0 7 2 13 1 4 13 0 5 0 12 0 1 0 0 0 1 5 1 0 0 0 0 4 0 0 3 3 42 31 0
"ASV369" 0 1 1 1 0 0 0 0 0 0 9 0 0 0 0 1 0 1 1 0 0 17 18 28.5 0 0 0 0 36 0 0 0 4 0 0 8
"ASV408" 0 0 0 0 0 0 0 0 0 0 0 0 0 0 0 4 0 0 0 7 17 0 0 0 0 0 0 0 0 0 0 0 6 130 0 0
"ASV440" 0 0 0 1 2 0 0 1 0 0 0 1 0 54 18 1 0 0 1 0 3 0 0 0 0 0 65 0 0 0 0 0 0 0 26 0
"ASV374" 0 0 0 0 0 0 0 0 0 0 0 0 2 12 0 33 0 1 7 3 18 0 12 5 19 23 8 0 6 0 0 6 9 0 6 0
"ASV377" 0 0 0 9 0 0 0 0 1 0 0 0 13 29 11 0 0 6 0 10 27 6 10 4 0 0 0 0 19 0 0 1 0 0 0 0
"ASV384" 9 0 8 1 7 0 0 2 0 2 0 5 1 1 0 0 25 0 0 0 0 0 0 30 0 0 0 0 8.5 1 3 21 11 0 5 0
"ASV417" 0 1 0 0 2 2 0 0 9 3 0 5 0 0 6 0 0 0 0 0 13 2 28 0 0 1 11 0 13 15 12 0 0 1 2 5
"ASV419" 0 0 1 0 0 0 0 0 0 0 0 0 0 5 0 0 0 0 0 0 0 1 0 0 0 0 0 136.5 0 0 0 0 0 0 0 0
"ASV428" 1 0 0 0 0 0 0 0 1 0 0 4 0 13 0 2 17 1 2 0 17 16 2 36 16 0 10 0 0 0 2 0 1 30 0 0
"ASV386" 0 0 0 0 0 0 0 0 0 0 0 0 0 0 0 0 0 0 0 0 0 0 4 0 0 0 1 0 0 0 0 0 0 0 206.5 0
"ASV387" 9 0 0 0 1 0 3 2 5 0 6 0 0 0 0 0 0 9 2 0 0 0 0 0 1 0 13 4 1 65 0 3 0 0 6 0
"ASV934" 5 1 6 4 0 1 1 1 10 3 3 3 0 13 7 0 1 0 0 2 16 0 3 0 71 0 14 9 0 0 0 0 16 0 7 2
"ASV390" 6 0 2 0 5 0 10 0 3 0 0 2 8 4 0 0 2 4 0 26 0 0 21 4 0 0 0 0 0 0 0 0 21 0 0 0
"ASV690" 0 0 0 0 0 0 0 0 0 0 0 0 0 0 3 0 0 12 4 10 0 3 1 0 0 2 3 29 11 0 5 54 0 0 2.5 0
"ASV399" 0 0 4 0 1 0 5 3.5 7 0 4 3 4 3 4 3 5 7 0 0 3 6 21 0 0 3 26 0 0 0 16 1 0 0 0 0
"ASV403" 0 0 0 0 0 0 0 0 0 0 0 0 0 0 0 46 0 0 0 6 0 0 55 0 0 0 0 0 0 0 0 0 0 0 0 0
"ASV409" 1 0 0 0 0 0 0 3 0 0 6 1 0 0 0 0 0 0 6 94 0 0 0 0 0 0 0 3.5 1 18 0 1 0 0 4 0
"ASV413" 2 0 1 0 0 7 1 1 0 4 7 4 0 2 0 0 0 0 1 12 28 35 0 0 10 1 0 0 31 0 0 0 2 4 0 0
"ASV414" 6 7 0 0 2 9 0 0 0 0 0 1 4 0 0 24 3 0 0 0 0 0 3 2 73 0 10 2 1 2.5 9 9 0 1 5 4
"ASV418" 0 0 2 0 0 0 0 0 0 0 0 0 0 0 0 0 0 0 13 28 0 6 0 0 0 0 0 0 0 85 6 0 3 18 0 0
"ASV421" 4 5 0 12 0 0 0 0 1 0 0 0 0 12 0 0 0 0 0 0 0 0 0 0 2 0 0 0 0 0 0 0 0 35 0 24
"ASV423" 4.5 6 6 0 0 0 4 2 1 0 5 1 2 10 0 36 5 0 0 0 0 11 0 15 0 1 0 4 0 0 0 0 0 0 0 0
"ASV424" 0 3.5 0 0 0 0 0 0 0 0 0 1 0 0 0 0 0 6 13 0 11 5 0 0 18 0 17 0 0 0 23 15 2 16 0 2
"ASV427" 4 3 24 3 9 11 3 0 10 0 7 4 0 0 0 0 0 0 0 0 0 0 2 0 0 5 28 0 0 0 0 0 0 0 0 5
"ASV429" 0 0 0 0 0 0 0 0 0 0 0 0 0 0 0 1 15 0 0 0 0 0 0 0 0 0 4 0 33 0 0 23 10 0 17 16
"ASV434" 0 0 0 0 6 3 0 0 0 0 0 0 2 0 0 0 1 0 0 0 0 0 0 0 0 0 3 67 0 0 0 14 6 1 0 4
"ASV436" 0 0 0 0 0 0 0 0 3 1 0 0 0 0 0 0 0 0 0 0 0 1 0 0 0 72 3 0 0 32 0 0 0 0 0 0
"ASV444" 1 0 28.5 1 0 0 12 0 0 9 0 4 0 5 3 19 0 0 18 0 0 0 0 0 0 16 7 1 2 0 6 0 9 0 2 0
"ASV613" 0 4 2 0 0 0 0 0 0 0 0 0 0 29 0 6 21.5 0 0 23 1 1 9 28 0 0 8 0 0 0 0 0 0 0 1 0
"ASV451" 3 8 4 0 10 7 0 0 3 0 0 0 0 0 0 0 12 0 0 8 0 0 2 9 0 8 14 37 5 3 0 0 2 0 0 0
"ASV461" 0 9 0 0 0 0 0 0 0 0 0 0 0 0 0 0 0 0 0 0 0 0 0 0 0 0 0 0 104 0 0 0 0 0 0 0
"ASV463" 0 0 0 20 0 0 3 1 0 0 0 0 0 0 10 0 0 0 0 0 0 0 0 0 0 0 0 0 0 0 0 0 0 0 0 64
"ASV464" 0 0 1 0 0 0 2 0 5 1 2 0 0 0 0 20 6 10 1 12 7 21 3 4 0 0 0 0 4 0 0 0 11 0 0 0
"ASV465" 0 0 1 0 1 0 0 1 0 1 0 0 0 1 0 0 0 0 0 0 0 0 137 0 0 0 1 0 0 0 0 0 0 2 0 0
"ASV470" 1 1 1 1 0 0 0 1 0 0 0 0 0 1 0 0 1 0 0 0 0 0 0 0 0 0 1 1 1 0 0 0 0 85 0 1
"ASV472" 0 0 0 3 0 1 0 0 1 0 0 0 0 0 11 0 0 1 0 3 0 0 0 0 11 113.5 0 0 0 0 0 0 0 0 0 0
"ASV474" 6 2 1 0 0 1 8 0 0 8 1 5 0 0 0 1 0 0 6 23 6 29 0 0 0 0 0 0 0 0 1 0 1 0 11 0
"ASV479" 0 0 0 0 0 0 0 0 0 0 0 0 0 0 0 0 0 0 0 6 0 0 0 0 0 0 0 0 5 0 0 0 2 102 0 0
"ASV481" 0 0 0 0 0 0 0 0 0 0 0 0 0 4 0 0 0 2 0 13 0 17 0 0 0 0 24 0 1 0 39 27 0 0 0 0
"ASV482" 1 1 1 3 0 8 0 0 7 2 6 1 12 0 0 0 0 0 8 0 0 0 0 10 0 0 0 11 0 21 0 0 0 0 14 0
"ASV488" 10 12 8 1 1.5 0 5 4 14 11 1 0 1 0 0 0 0 0 0 0 0 1 4 0 0 0 0 0 25 0 0 0 1 8 2 13
"ASV494" 0 0 0 0 0 0 0 0 0 0 4 0 0 0 0 0 0 0 0 19 0 0 0 5 4 57 2 4 0 3 0 0 0 2 3 0
"ASV2328" 0 0 0 0 2 0 0 0 0 2 0 0 0 0 0 0 0 0 0 0 0 0 2 0 0 0 7 0 0 0 10 0 0 0 3 2
"ASV2329" 0 0 0 0 0 0 0 0 0 0 0 0 0 0 0 0 0 0 0 0 0 0 0 0 0 0 0 0 15 0 0 0 0 0 0 0
"ASV2331" 0 0 0 0 0 0 0 0 0 0 0 0 0 0 0 0 0 0 0 0 0 0 0 0 0 0 0 0 9 0 0 0 0 0 0 0
"ASV2332" 0 0 0 0 0 0 0 0 0 0 0 0 0 0 0 0 0 0 0 0 0 0 0 0 0 0 0 0 0 0 3 0 0 0 0 11
"ASV2337" 0 0 0 0 0 0 0 0 0 0 0 0 0 0 0 0 0 0 0 0 0 0 0 0 0 0 0 0 0 0 0 0 0 7 0 0
"ASV2339" 0 0 0 0 0 0 0 0 0 0 0 0 0 0 0 0 0 0 0 0 0 0 0 0 0 0 0 20 0 0 0 0 0 0 0 0
"ASV2344" 0 0 0 0 0 0 0 0 0 0 0 0 0 0 0 0 0 0 0 0 0 0 0 0 0 0 0 0 0 0 15 0 0 0 0 0
"ASV2345" 0 0 0 0 0 0 0 0 0 0 0 0 0 0 0 0 0 0 0 0 10 0 0 0 10 0 0 0 0 0 0 0 0 0 0 0
"ASV2347" 0 0 0 0 0 0 0 0 0 0 0 0 0 0 0 0 0 0 0 0 0 0 0 0 0 0 15 0 0 0 0 0 0 0 0 0
"ASV2348" 0 0 0 0 0 0 0 5 0 1 5 5 0 1 3 3 0 0 0 0 0 0 0 2 0 0 1 0 0 0 0 0 0 0 0 6
"ASV2350" 0 9 1 0 0 0 0 0 0 0 0 0 0 0 12 0 0 0 0 0 0 0 0 0 0 0 0 0 0 0 0 0 0 0 0 0
"ASV2351" 0 0 0 0 0 0 0 0 0 0 0 0 0 0 0 8 0 0 0 0 0 0 0 0 0 0 0 0 0 0 0 0 0 0 0 0
"ASV2353" 0 0 6 0 1 0 1 0 6 0 0 0 0 0 0 0 0 0 8 0 0 0 0 0 0 0 0 0 0 0 0 0 0 0 0 0
"ASV2354" 0 0 0 0 0 7 3 0 0 0 0 0 0 0 0 0 0 0 0 0 0 0 0 0 0 0 0 0 0 0 0 0 0 0 0 0
"ASV2355" 0 0 0 0 0 0 0 0 0 0 0 0 0 0 0 0 0 0 0 0 0 0 0 0 0 0 0 0 12 0 0 0 0 0 0 0
"ASV2361" 0 0 0 0 0 0 0 0 0 0 0 0 0 0 0 0 0 0 0 0 0 0 0 0 0 11 0 0 0 0 0 0 0 0 0 0
"ASV2367" 0 0 0 0 0 0 2 0 0 0 0 1 0 0 2 1 0 0 0 0 1 1 2 0 0 0 1 0 0 0 1 0 5 0 0 0
"ASV2369" 0 0 0 0 0 0 0 0 0 0 0 0 0 0 0 0 7 0 0 0 0 9 0 0 0 0 0 0 0 0 0 0 0 0 0 0
"ASV2372" 0 0 0 0 0 0 0 0 0 0 0 0 0 0 0 0 0 0 19 0 0 0 0 0 0 0 0 0 0 0 0 0 0 0 0 0
"ASV2376" 0 0 0 0 1 7 0 0 0 0 5 2 0 0 0 0 0 0 0 0 0 0 0 0 0 0 0 0 0 0 0 0 0 0 0 0
"ASV2378" 0 0 0 0 0 0 0 0 0 0 2 0 1 0 1 2 3 0 0 1 1 0 2 0 0 0 5 0 0 0 0 0 0 0 0 0
"ASV2383" 0 0 0 0 0 0 0 0 0 0 0 0 0 0 0 0 0 0 0 0 0 0 1 0 0 0 0 0 0 0 0 0 0 0 9 0
"ASV2384" 0 0 4 0 0 3 0 0 3 0 1 3 0 0 0 0 0 0 0 0 0 0 0 10 0 0 4 3.5 0 0 0 0 1 0 0 0
"ASV2385" 0 0 0 0 0 0 0 0 0 0 0 0 0 0 0 0 0 0 0 0 0 0 0 0 0 0 0 0 0 0 13.5 0 0 0 0 0
"ASV2388" 0 0 0 0 0 0 0 0 0 0 0 0 0 0 0 0 1 6 0 0 0 0 0 0 0 0 0 0 0 0 0 11 0 0 0 0
"ASV2393" 0 0 0 0 0 0 1 0 3 0 0 3 0 0 0 0 0 0 0 0 1 0 0 0 0 0 0 0 0 0 0 0 0 0 0 0
"ASV2395" 0 1 5 0 0 0 0 0 0 0 0 0 0 0 0 0 0 0 0 0 11 0 0 0 0 0 0 0 4 0 0 0 0 0 0 0
"ASV2405" 0 0 0 0 0 0 0 0 0 0 0 0 0 0 0 0 0 0 0 0 0 0 0 0 0 0 0 0 0 0 0 0 0 0 10 0
"ASV2406" 0 0 0 0 0 0 0 0 0 0 0 0 0 0 9 0 0 0 0 0 0 0 0 0 0 0 0 0 0 0 0 0 0 0 0 0
"ASV2408" 0 0 0 0 0 0 0 0 0 0 0 0 0 0 0 0 0 0 0 0 0 0 0 0 0 0 0 0 0 11 0 0 0 0 0 0
"ASV2409" 0 0 0 5 6 0 1 1 0 4 0 0 0 0 0 0 0 0 0 0 0 0 0 0 0 0 0 0 0 0 0 0 0 0 0 0
"ASV2410" 0 0 0 0 0 0 0 0 0 0 0 0 0 0 0 0 0 8 0 0 0 0 0 0 0 0 0 0 0 0 0 0 0 0 0 0
"ASV2412" 0 0 0 0 0 0 0 0 0 0 0 0 6 0 14 0 0 0 0 0 1 0 0 0 0 0 0 0 0 0 0 0 0 0 0 0
"ASV2414" 0 0 0 0 0 0 2 0 0 0 0 0 0 0 0 0 0 0 0 0 5 8 0 0 0 0 0 0 4 0 0 0 0 0 0 0
"ASV2424" 0 0 0 0 0 0 0 0 0 0 0 0 0 0 2 0 0 0 0 0 0 0 0 10 0 0 0 0 0 0 0 0 0 0 0 0
"ASV2431" 0 0 0 0 0 0 0 0 0 0 0 0 0 0 0 0 0 0 0 0 0 0 6 0 0 0 0 0 0 0 1 0 8 0 0 0
"ASV2439" 0 0 0 0 0 0 0 0 0 0 0 0 0 0 0 0 0 0 0 0 0 0 0 0 0 0 0 9 0 0 0 0 0 0 0 0
"ASV2440" 0 0 0 0 0 0 0 0 0 0 0 0 8 0 0 0 0 0 0 0 0 0 0 0 0 0 0 0 0 0 0 0 0 0 0 0
"ASV2446" 0 0 0 0 0 0 0 0 0 0 0 0 0 0 0 0 0 0 0 0 24 0 0 0 0 0 0 0 0 0 0 0 0 0 0 0
"ASV2447" 0 0 0 0 0 0 0 0 0 0 0 0 0 0 0 0 0 0 0 0 0 0 0 0 0 0 0 0 18 0 0 0 0 0 0 0
"ASV2449" 0 0 0 0 0 0 0 0 0 1 0 0 0 0 0 0 0 0 0 0 0 0 0 0 0 0 0 0 0 10 0 0 0 2 0 0
"ASV2451" 0 0 0 0 0 0 0 0 0 0 0 0 0 0 0 0 0 0 0 0 0 0 10 0 0 0 0 0 0 0 0 0 0 0 0 0
"ASV2454" 0 0 0 0 0 0 0 0 0 0 0 0 11 0 0 0 0 0 0 0 0 0 0 0 0 0 0 0 0 0 0 0 0 0 0 0
"ASV2455" 0 0 0 0 0 0 0 0 0 0 0 0 0 0 0 0 0 0 0 0 0 0 0 0 0 0 0 0 0 0 0 0 7 0 0 0
"ASV2456" 0 0 0 8 0 0 0 0 0 0 0 0 0 0 0 0 0 0 0 0 0 0 0 0 0 0 0 0 0 0 0 0 0 0 0 0
"ASV2457" 0 0 0 0 1 0 0 0 0 0 0 0 0 0 0 0 0 0 0 0 0 0 0 0 0 0 0 0 0 24 0 0 0 0 0 0
"ASV2458" 0 0 0 0 0 0 0 0 0 0 0 2 0 0 0 0 0 0 0 0 6 4 0 0 0 0 0 0 0 0 0 0 0 0 0 0
"ASV2461" 0 0 0 0 0 0 0 0 0 0 0 0 0 0 0 0 0 0 0 0 0 0 0 7 0 0 0 0 0 0 0 0 0 0 0 0
"ASV900" 0 0 0 0 0 0 0 0 0 0 0 0 0 0 0 0 0 0 0 0 0 0 0 0 0 0 0 0 0 63 0 0 0 0 0 0
"ASV1903" 0 0 0 1 0 0 5 0 3 0 0 0 0 0 2 14 0 0 12 0 30 0 0 4 0 0 0 0 12 13 20 0 6 27 0 0
"ASV692" 0 0 0 0 0 0 0 0 0 1 0 0 0 0 0 0 0 46 0 0 0 0 0 0 0 0 0 0 0 0 0 0 0 0 0 0
"ASV693" 0 0 0 0 0 0 0 0 0 0 0 0 0 0 0 0 0 0 0 0 0 0 0 0 0 0 0 0 0 62 0 0 0 0 0 0
"ASV694" 0 0 0 0 0 0 0 0 0 0 0 0 0 0 0 0 0 0 0 0 0 0 0 0 0 76 0 0 0 0 0 0 0 0 0 0
"ASV701" 0 1 0 0 0 0 0 0 0 0 0 0 0 50 1 0 0 1 0 0 0 1 3 0 0 0 0 0 0 0 0 0 0 0 0 0
"ASV712" 0 0 0 1 0 0 1 0 0 0 0 0 0 0 0 0 0 0 0 0 0 0 4 0 6 0 12 0 35 0 0 0 0 0 0 0
"ASV713" 0 0 0 0 0 1 0 1 1 0 0 1 9 1 0 1 2 13 0 0 13 13 16 6 0 23 10 1 1 0 0 0 1 1 1 0
"ASV857" 0 0 0 0 0 0 0 3 0 0 0 0 0 0 0 0 0 0 0 0 34 0 0 0 0 0 0 0 6 0 0 0 0 0 2 17
"ASV714" 0 0 0 1 3 0 0 0 0 0 6 0 0 0 0 10 0 0 0 0 0 0 15 8 6 0 0 0 0 0 8 0 0 0 1 15
"ASV720" 0 0 3 0 0 0 0 3 0 0 0 0 8 9 0 6 0 1 1 6 14 0 4 6 0 5 0 0 0 0 0 0 0 0 0 0
"ASV721" 0 0 0 0 6 1 1 0 0 2 3 0 12 7 14 9 0 1 13 0 1 8 0 6 0 0 3 0 0 4 1 0 0 0 2 0
"ASV723" 0 0 1 0 2 1.5 0 0 0 0 0 0 10 0 0 0 8 0 0 0 10 2 0 20 0 0 0 0 8 0 0 4 0 16 0 0
"ASV728" 0 1 0 0 0 0 2 15 0 1 6 0 0 1.5 0 8 0 0 5 1 9 18 0 0 0 0 0 0 0 0 0 0 0 0 0 0
"ASV729" 3 1 2 0 0 0 0 0 0 0 1 0 0 0 0 10 0 0 7.5 4 0 10 21.5 0 7 0 0 0 0 0 0 0 0 0 0 0
"ASV736" 0 0 0 0 3 0 0 0 0 0 0 0 0 5 0 0 0 0 13 0 0 0 0 25 0 0 0 0 5 0 0 0 4 0 0 0
"ASV982" 18 7 2.5 11 1 10 3 0 5 2 8 6 0 0 0 0 0 0 0 0 0 0 0 0 0 0 0 0 0 0 0 0 0 0 3 0
"ASV743" 0 16 0 1 3 2 1 2 0 0 16 0 0 0 0 0 0 0 0 0 0 0 0 0 0 0 0 0 0 0 0 0 0 0 0 0
"ASV745" 0 4 0 0 0 0 4 0 0 1 4 6 0 0 4 0 0 0 0 12.5 0 0 0 6 0 0 1 17 0 0 0 0 2 0 0 0
"ASV1077" 0 0 0 0 1 0 1 0 0 0 0 0 1 0 1 0 0 0 0 0 0 0 0 0 0 1 1 0 0 32 0 0 0 0 0 17
"ASV1289" 2 1 5 0 0 0 0 0 5 0 3 0 0 2 34 0 29 0 0 13 8 0 16 0 0 21 7 0 0 0 0 0 6 13 0 0
"ASV756" 0 0 0 0 0 0 0 0 0 0 0 0 0 0 0 57 0 0 0 0 0 0 0 0 0 0 0 0 0 0 0 0 0 0 0 0
"ASV765" 0 0 0 0 0 0 3 1 0 0 0 0 0 0 21 2 0 0 0 0 0 0 0 0 26 0 0 0 0 0 0 0 0 7 0 0
"ASV771" 0 0 0 0 2 0 0 0 0 0 0 0 14 0 0 0 0 0 0 0 0 0 0 4 0 0 6 0 0 23 0 0 0 0 0 11
"ASV1006" 0 1 0 0 0 1.5 1 0 0 0 1 0 8 0 0 6 0 0 2 1 0 0 16 0 25 0 0 0 50 0 3 8 0 0 13 0
"ASV774" 0 5 0 0 0 0 0 2 0 0 0 0 0 0 9 0 1 5 0 13 0 0 0 0 0 0 0 0 0 0 0 0 0 7 0 16
"ASV780" 0 0 1 2 0 0 3 0 0 3 2 1 2 0 0 2 5 0 0 2 0 8 0 0 16 1 7 1 1 0 4 0 0 1 4 0
"ASV782" 1 0 0 2 0 0 0 0 0 0 4 0 14 19 3 10 0 0 0 22 0 0 2 0 0 0 0 0 0 0 0 0 0 0 0 0
"ASV979" 0 0 1 0 2 0 1 0 0 0 0 0 0 0 0 0 0 0 0 10 0 14 5 0 20 0 0 0 0 0 1 0 0 0 10 0
"ASV786" 0 0 10 3 1 0 1 1 1 3 2 2 2 0 0 2 0 1 0 1 1 3 14 0 0 2 8 0 0 0 9 0 0 0 3 4
"ASV787" 0 2 1 0 1 2 1 0 1 0 1 0 0 0 0 2 1 0 0 1 0 3 2 0 0 2 7 0 11 0 3 27 1 0 2 1
"ASV794" 0 0 3 1 2 0 3 0 3 1 3 1 2 3 2 1 2 0 0 1 1 2 4 0 0 1 4 0 0 0 12 0 0 0 1 1
"ASV795" 0 0 0 0 0 1 0 0 0 0 0 0 0 0 0 0 0 0 0 0 14 11 0 0 0 0 0 28 0 0 6 0 0 0 0 0
"ASV799" 0 0 0 0 0 0 1 0 4 0 1 1 0 1 0 4 0 1 0 13 0 0 0 0 0 1 1 7.5 8 0 12 0 5 0 0 0
"ASV804" 0 0 1 0 0 0 0 1 0 0 1 0 0 0 2 2 33 1 0 1 19 3 6 0 0 1 5 0 0 0 3 0 0 0 1 0
"ASV1226" 0 0 0 0 0 0 0 0 0 0 0 0 0 3 0 1 0 0 0 16 18 25 0 0 0 0 1 0 0 0 2 0 0 0 3 0
"ASV805" 0 0 0 0 0 0 0 0 0 0 0 0 0 0 0 0 0 0 0 0 17 30 0 0 0 0 0 0 0 0 0 0 0 0 0 0
"ASV806" 0 0 0 0 0 0 0 0 0 0 0 0 0 0 0 0 0 0 0 0 0 0 0 43 0 0 0 0 0 0 0 0 0 0 1 0
"ASV807" 0 0 0 0 0 0 0 0 0 0 0 0 0 0 0 0 0 0 0 0 0 0 0 54 1 0 0 0 0 1 0 0 0 0 0 0
"ASV813" 0 0 0 0 0 0 0 0 0 1 0 0 0 0 0 0 0 0 0 0 0 0 0 0 0 0 0 0 6 11 0 0 0 41 0 0
"ASV814" 0 0 0 2 2 0 0 0 2 0 1.5 0 0 0 0 0 2 0 0 0 59 0 0 0 0 0 0 0 0 0 0 0 0 0 0 0
"ASV816" 8 1 0 0 0 5 0 0 9 1 21 7 0 0 0 0 0 0 0 0 0 0 0 0 0 0 0 1 0 0 0 0 0 7 0 0
"ASV818" 0 0 7 0 0 0 0 0 0 0 1 0 9 0 0 0 0 0 0 0 0 0 0 0 0 0 5 35 0 0 0 0 0 0 0 0
"ASV821" 1 2 1 5 0 0 0 2 0 0 2 0 0 0 3 0 0 4 0 0 44 0 25 1 0 0 0 0 0 0 0 0 0 0 0 0
"ASV824" 1 0 0 0 0 1 1 0 0 1 0 0 0 1 0 0 0 0 0 1 0 2 2 0 0 43 2 0 0 0 1 0 0 1 2 0
"ASV512" 8 6 0 0 0 4 1 1 0 2 3 2 0 0 0 55 4 0 0 0 0 0 5 0 0 0 0 0 0 0 0 0 0 0 0 0
"ASV514" 0 2 1 2 0 2 0 2 11 0 0 0 0 9 0 0 0 0 0 0 0 0 31 0 0 0 0 0 19 0 3 0 0 0 0 10
"ASV517" 3 8 0 0 4 2 0 7 0 0 0 0 0 0 0 0 7 0 0 0 0 15 0 0 0 0 0 0 0 0 3 0 0 0 0 44
"ASV518" 0 0 2 0 0 0 1 0 1 7 4 1 0 0 3 0 0 0 0 0 0 0 0 0 0 51 0 0 9 0 0 0 0 19 1 0
"ASV521" 0 1 0 0 0 0 0 0 0 1 1 0 3 4 2 0 4 3 0 1 3 3 11 3.5 7 47 12 0 3 2 5 3 4 3 3 2
"ASV523" 0 0 0 0 0 0 0 0 0 0 0 2 0 0 8 0 0 0 0 0 0 3 0 0 12 15 0 1 0 0 4 0 0 36 0 11
"ASV533" 0 0 4 0 0 0 0 1 1 0 1 0 22 0 0 0 18 9 0 2 0 0 0 0 0 7 2 0 0 0 8 3 0 0 13 0
"ASV539" 2 0 1 0 1 0 0 0 0 0 0 0 10 19 10 0 3 1 0 0 5 0 0 0 0 0 0 0 9 11 1 0 0 0 0 2
"ASV542" 0 0 1 3 4 0 3 1 1 5 3 2 3 1 3 1 2 2 0 1 3 2 11 0 1 2 10 0 0 0 19 0 1 0 10 4
"ASV548" 5 0 4.5 0 0 0 0 0 0 0 0 0 0 0 0 0 5 0 0 0 5 39 22 0 0 10 0 3 0 0 0 0 1 0 2 0
"ASV551" 0 0 0 0 0 0 0 0 0 0 0 0 0 18 0 0 0 0 0 0 1 0 0 0 0 0 0 0 0 0 0 0 18 73 0 0
"ASV556" 0 0 0 2 1 0 0 0 7 0 0 0 3 3 1 0 0 0 1 0 48 0 1 3 0 0 0 0 0 0 0 30 0 0 0 0
"ASV566" 1 0 7 0 2 8 0 0 0 0 9 2 19 0 5 0 0 13 0 1 5 9 22 5 0 0 0 0 0 0 0 0 0 0 0 0
"ASV1095" 0 0 0 0 0 0 0 0 0 0 0 0 0 54 4 0 0 0 2 0 0 22 0 0 0 0 0 0 0 0 0 0 0 0 0 0
"ASV567" 0 0 0 0 0 0 0 0 0 0 0 0 0 0 0 0 0 0 0 0 0 0 0 0 0 0 0 0 0 0 0 82 0 0 0 0
"ASV574" 0 5 7 5 0 4 0 3 0 0 0 0 0 0 2 4 0 0 0 0 6 1 36 4 10 0 2 0 6 5 0 0 6 0 0 0
"ASV682" 0 0 0 0 0 0 0 0 0 2 0 0 0 19 2 0 5.5 0 0 0 0 0 0 39 0 0 0 0 0 0 0 0 7 0 0 0
"ASV1058" 0 2 0 8 3 2 4 1 2 0 6 2.5 2 28 0 9 16 12 5 10 1 29 3 8 0 0 0 0 0 0 0 0 0 0 0 0
"ASV577" 0 0 0 0 0 4 0 5 0 0 1 0 0 0 0 4 0 0 0 0 7 0 27 12 0 0 0 11 18 0 0 0 0 0 0 0
"ASV582" 0 0 1 0 0 0 1 0 0 0 1 0 0 0 0 1 0 0 0 0 1 0 0 0 0 0 0 4 0 17.5 0 0 3 25 0 24
"ASV585" 0 0 1 0 0 0 0 0 6 2 11 1 0 2 6 0 2 33 0 0 0 3 0 0 0 0 14 0 0 0 8 0 2 0 0 0
"ASV588" 0 0 1 0 0 5 5 4 3 1 3 6 3 4 3 6 5 4 0 5 3 3 10 0 0 6 5 1 0 0 5 0 1 0 0 0
"ASV593" 0 3 2 0 0 0 1 0 2 0 0 0 0 1 0 0 0 0 8 4 0 0 20 10 0 0 2 25 0 0 1 0 0 0 2 9
"ASV597" 0 1 0 0 0 2 1 0 1 0 9 0 0 0 0 3 0 1 0 14 0 0 0 6 0 55 0 0 0 5 3 0 0 0 0 0
"ASV599" 1 2 1 1 3 25 0 4 2 4 0 0 0 0 0 0 0 0 1 0 0 0 0 0 1 0 0 1 11 7 1 1 1 2 1 3
"ASV600" 0 5 0 1 0 0 0 0 0 3 0 0 0 0 1 0 0 0 0 0 8 0 23 0 0 0 0 0 0 1 7 0 1 15 1 13
"ASV607" 0 0 0 0 0 0 0 0 3 0 0 1 8.5 15 0 0 0 5 3 18 0 0 0 0 2 0 22 0 0 0 0 0 0 0 0 14
"ASV612" 2 0 0 0 0 1 0 0 0 0 0 0 0 0 0 0 0 2 0 0 0 0 0 0 0 0 5 32.5 0 29 0 0 0 0 0 0
"ASV735" 0 4 3 8 12 0 0 5 8 8 13 5 0 0 0 0 0 0 0 0 30 5 0 0 0 0 0 0 0 0 0 0 0 0 0 0
"ASV615" 0 16 0 0 0 0 0 0 0 0 0 0 50 0 5 0 0 1 0 0 0 0 0 1 0 0 0 0 0 0 0 0 0 0 0 0
"ASV621" 0 5 6 8 2 1 0 0 0 4.5 0 0 0 0 0 12 2 0 1 0 0 0 0 20 8 0 0 0 0 0 0 0 1 3 0 18
"ASV622" 0 0 0 0 0 0 0 0 1 0 0 0 0 0 0 0 0 18 0 0 19 0 0 1 0 0 1 20 1 0 3 0 0 1 0 0
"ASV628" 0 0 0 0 0 0 0 0 0 0 0 0 0 0 0 1 0 8 0 0 0 0 1 20 0 30 3 0 0 0 0 0 4 0 0 0
"ASV629" 4 1 1 0 1 2 1 1 1 1 0 1 0 15 0 2 0 0 8 0 0 0 3 0 0 0 2 2 12 0 6 2 2 1 1 39
"ASV634" 0 0 0 0 0 0 0 0 0 0 0 0 0 0 19 0 0 0 0 1 0 0 0 10 0 0 0 0 0 0 2 0 0 0 0 37
"ASV643" 0 0 0 0 0 0 0 0 0 0 0 0 0 0 0 0 0 0 0 1 0 0 13 0 0 0 34 0 0 0 0 0 37 0 0 0
"ASV644" 1 0 1 0 0 0 0 0 0 0 7 0 3 1 0 4 7 1 0 2 0 11 0 0 0 1 12 0 0 0 0 36 0 0 1 0
"ASV648" 0 0 0 0 0 0 0 0 0 0 0 0 0 0 0 0 0 0 0 0 0 0 0 0 0 0 0 0 0 66.5 0 0 0 0 0 0
"ASV655" 0 1 0 0 0 0 0 0 0 0 0 0 0 0 0 0 0 0 0 0 0 0 0 0 0 0 0 0 0 46 0 0 0 13 0 0
"ASV656" 0 3 3 0 1 0 0 0 0 0 0 0 14 0 3 1 0 0 0 0 0 0 0 0 8 0 0 0 0 40 0 0 7 0 0 0
"ASV659" 0 0 0 0 0 0 0 0 0 0 0 0 0 0 0 0 0 0 0 0 0 0 0 0 0 0 0 0 0 0 0 0 0 92 0 0
"ASV667" 2 0 0 0 0 0 0 0 0 0 0 0 0 0 0 0 0 0 0 5 0 0 0 17 33 0 0 0 0 0 0 0 0 0 0 0
"ASV669" 0 0 3 0 1.5 0 1 0 2 0 0 0 0 29 0 0 0 0 0 0 0 0 24 0 0 0 0 0 0 0 0 12.5 0 0 0 0
"ASV672" 0 0 0 0 0 0 0 0 0 0 0 0 0 0 0 0 0 0 0 0 0 0 0 0 0 0 0 0 0 0 0 0 0 0 0 57
"ASV1525" 0 0 0 0 0 0 0 0 0 0 0 0 0 0 0 0 0 0 0 0 0 0 0 0 0 0 0 0 0 0 0 0 11 0 0 0
"ASV1527" 0 0 0 0 1 0 2 1 0 0 1 0 1 0 0 0 0 0 0 0 1 1 0 0 0 0 0 10 0 0 0 2 2 0 0 0
"ASV1528" 0 0 0 0 0 0 0 0 0 0 0 0 0 0 0 0 0 0 0 0 0 0 12 0 6 0 0 0 0 0 0 0 0 0 0 14
"ASV1529" 0 0 0 0 0 0 0 2 0 0 3 0 0 0 0 0 0 0 20 0 0 0 0 0 0 0 0 0 0 0 0 0 0 0 0 0
"ASV1534" 0 0 0 0 0 0 0 0 0 0 0 0 0 0 0 0 0 4 0 0 0 0 0 0 0 0 0 0 0 0 0 23 0 0 0 0
"ASV1537" 1 0 0 1 0 0 9 0 0 0 0 0 0 0 0 0 0 0 0 0 6 1 0 0 3 0 0 0 0 0 1 0 0 0 1 0
"ASV1538" 2 1 0 0 0 0 0 0 0 0 2 1 1 0 0 0 3 0 0 1 14 0 1 0 0 1 3 0 0 10 2 0 0 0 2 6
"ASV1539" 0 0 0 0 0 0 0 0 0 0 0 0 0 0 0 0 0 0 0 0 0 0 0 0 0 26 0 0 0 0 0 0 0 0 0 0
"ASV1544" 0 1 0 0 0 0 0 0 0 0 0 0 0 13 0 0 0 9 0 0 0 0 1 0 0 0 0 0 0 0 0 0 0 0 0 6
"ASV1559" 5 1 1 0 0 2 0 1 1 0 1 0 0 0 0 0 0 0 0 0 0 3 0 0 31 0 0 0 0 0 0 0 0 2 7 0
"ASV1561" 0 0 1 0 1 0 0 0 1 0 0 0 0 1 2 4 1 1 0 3 1 0 2 0 0 1 4 0 0 0 6 0 0 0 0 0
"ASV1571" 0 0 0 0 0 0 0 0 0 0 0 0 0 0 0 0 0 0 0 0 0 0 0 11 0 0 0 0 0 0 0 0 0 0 0 0
"ASV1573" 0 0 0 0 0 1 0 0 0 0 2 1 0 0 0 0 0 0 0 0 3 0 0 0 27 0 0 0 2 2 0 0 0 0 0 0
"ASV1574" 1 4 0 0 0 2 3 0 0 0 2 0 0 0 0 2 2 1 0 0 0 1 2 0 0 0 1 0 0 0 4 1 0 0 1 0
"ASV1575" 0 0 0 0 0 0 0 0 0 0 0 0 0 0 0 0 0 0 0 0 6.5 0 0 0 0 20 0 0 0 0 0 0 0 0 0 0
"ASV1576" 0 0 0 0 0 0 0 0 0 0 0 0 0 9 0 4 0 0 0 0 0 17 0 0 0 0 0 0 0 0 0 0 0 0 0 0
"ASV1577" 0 0 0 0 0 0 0 0 0 0 0 0 0 0 0 0 0 0 0 0 0 0 0 0 0 0 0 0 0 0 0 0 0 0 0 16
"ASV1579" 0 0 0 0 0 0 0 0 0 0 0 0 1 0 0 0 0 0 0 0 0 0 20 0 0 0 0 0 0 0 8 0 0 0 0 0
"ASV1581" 0 0 0 0 0 0 0 0 17 0 0 0 0 0 4 0 0 0 0 0 0 0 0 0 0 0 0 0 0 0 0 0 0 0 0 0
"ASV1582" 0 0 0 0 0 0 0 0 0 1 0 0 0 5 3 0 9 0 0 0 0 0 0 0 0 0 0 0 0 5 0 1 0 0 0 14
"ASV1585" 2 0 0 0 1 0 0 0 0 0 0 0 0 0 0 0 0 0 0 0 0 0 0 0 0 0 0 0 0 0 0 0 0 5 19 0
"ASV1586" 0 0 0 0 0 0 0 0 0 0 0 0 0 0 0 1 0 0 0 1 0 0 0 0 0 0 0 0 0 0 4 0 0 22 0 0
"ASV1588" 0 8 2 0 0 3 0 0 7 0 3 0 0 0 3 0 0 0 0 0 0 0 0 1 0 0 0 0 0 0 0 0 0 0 0 0
"ASV1595" 0 0 1 0 0 0 0 0 0 0 0 0 0 0 0 0 23 0 0 0 0 0 0 0 0 0 0 0 0 0 0 0 0 0 0 0
"ASV1597" 1 3 0 0 0 0 0 0 0 0 0 0 0 0 9 0 0 0 0 0 6 0 0 0 0 0 0 0 0 15 11 0 0 0 0 0
"ASV1600" 1 0 0 0 0 0 0 0 0 0 0 0 0 0 0 0 0 0 0 0 24 0 0 0 0 0 0 0 0 0 0 0 0 0 0 0
"ASV1607" 0 0 0 1 0 0 1 0 1 0 1 1 1 1 0 0 1 2 0 0 3 0 2 0 0 1 2 0 4 0 2 0 0 0 0 0
"ASV1609" 0 0 0 0 0 0 0 0 0 0 0 0 0 0 0 0 0 0 0 0 0 0 0 0 0 0 0 0 0 2 0 0 0 31 0 0
"ASV1610" 0 0 0 0 0 0 0 0 0 0 0 0 0 0 0 0 0 0 0 0 11 0 0 0 0 0 0 0 18 0 0 0 0 0 0 0
"ASV1611" 0 0 0 0 0 0 0 0 0 0 0 0 0 0 0 0 3 0 0 0 0 0 0 0 20 0 0 0 0 0 0 0 0 0 0 0
"ASV1614" 0 0 0 0 0 0 0 0 1 0 0 0 0 0 0 0 0 0 0 0 0 0 0 0 0 0 0 11 0 0 4 0 0 0 0 0
"ASV1615" 0 0 0 0 0 0 0 0 0 0 0 0 0 0 0 12 0 0 0 0 0 0 0 0 0 0 0 0 0 0 0 0 1 0 0 0
"ASV1616" 0 0 0 0 0 0 0 0 0 0 0 0 3 0 13 0 0 0 0 0 0 0 0 0 0 0 0 0 0 0 22 0 0 0 2 0
"ASV1621" 0 0 0 0 0 0 0 0 0 0 0 0 0 0 0 0 0 0 0 0 4 0 0 0 0 0 0 0 3 0 0 0 0 17 0 0
"ASV1622" 0 0 0 0 1 0 0 0 0 0 0 0 0 0 0 0 0 0 0 2 10 0 27 0 0 0 0 0 0 0 0 0 0 0 5 0
"ASV1626" 0 0 0 0 0 0 0 6 0 0 0 0 0 0 0 0 0 0 0 18 0 0 0 0 0 0 0 0 0 0 0 0 0 0 0 0
"ASV1628" 0 6 0 0 0 5 0 0 0 7 0 1 0 0 0 36 0 0 0 0 6 22 0 0 0 0 0 0 0 0 0 0 0 0 3 0
"ASV1630" 1 0 2 0 2 0 0 0 1 0 1 0 0 0 0 11 0 4 0 0 0 0 0 3 0 0 0 0 0 0 0 0 0 0 0 0
"ASV1633" 0 0 0 0 0 0 0 0 0 0 0 0 0 0 0 0 0 0 0 7 0 0 0 0 0 0 0 0 0 0 0 0 0 15 0 0
"ASV1635" 0 0 0 0 0 0 0 0 0 0 0 0 0 0 0 0 0 0 0 0 0 0 0 11 0 0 0 0 0 0 0 0 0 0 0 0
"ASV1637" 0 0 0 0 0 0 0 0 0 0 0 0 0 0 0 0 0 0 0 0 0 0 0 0 0 0 0 0 0 0 0 0 0 25 0 0
"ASV1638" 0 0 0 0 0 0 0 0 0 0 0 0 0 0 0 0 3 0 0 0 0 0 0 0 3 0 0 10 0 0 0 0 3 0 0 0
"ASV1640" 0 0 0 0 0 0 0 0 0 0 0 0 0 0 0 0 0 0 0 0 0 0 0 0 0 0 20 0 0 0 0 0 0 0 0 0
"ASV1641" 0 0 0 0 0 0 0 0 0 0 0 0 0 0 0 0 0 33 0 0 0 0 0 0 0 0 0 0 0 0 0 0 0 0 0 0
"ASV1645" 1 1 0 0 0 0 0 4 0 0 4 0 0 0 0 0 0 1 0 2 0 0 0 0 0 0 0 0 0 0 0 0 0 0 0 0
"ASV1647" 0 0 0 0 0 0 0 0 0 0 0 0 0 0 0 0 0 0 0 0 0 0 0 0 0 0 0 0 0 0 0 0 0 0 12 0
"ASV1648" 0 0 0 0 0 0 0 0 0 0 0 0 0 0 0 2 0 0 0 0 0 0 0 0 0 0 9 0 0 0 0 0 0 0 0 18
"ASV1650" 0 0 0 0 1 0 0 0 0 0 0 0 0 0 0 0 0 0 0 0 0 0 0 0 35 0 0 0 0 0 1 0 0 0 0 1
"ASV1651" 0 0 0 0 0 0 0 0 0 3 0 0 0 0 0 0 0 0 0 0 0 18 0 0 0 0 3 0 0 0 0 0 0 0 0 0
"ASV1654" 0 0 0 0 0 0 0 0 0 0 0 0 0 0 0 0 0 0 0 0 0 0 0 0 0 0 0 31 0 0 0 0 0 0 0 0
"ASV1655" 0 0 0 0 0 0 0 0 0 0 0 0 0 0 0 0 0 14 0 0 0 0 0 0 0 0 0 0 0 0 0 0 0 0 0 0
"ASV224" 13 6 6 0 1 9 7 5 14 9 9 6 14 27 3 10 1 0 0 4 3 2 6 0 48 37 24 4 30 13 46.5 18 21 25 26 15
"ASV198" 5 17 29 20 4 6 22 2 17 1 3 6 0 0 0 0 1 0 0 0 0 0 10 35 0 1 52 0 41 0 7 58 14 0 0 0
"ASV229" 0 1 0 0 0 0 0 1 0 0 0 0 0 18.5 4 17 7 7 0 5 19 38 11 0 23 91 8 0 17.5 22 2 29 23 0 9 0
"ASV207" 0 8 4 0 1 11 4 5 9 6 3 0 13 3 44 0 17 26 17 6 3 3 3 29.5 17 1 22 24 3 7 0 0 1 22 10 16
"ASV212" 0 1 0 0 0 1 0 0 0 1 1 0 2 0 0 4 0 0 0 0 0 23 24.5 0 0 56 0 0 0 7 15 49 0 0 0 269.5
"ASV219" 5 4 6 11 0 2 1 0 5 0 0 0 8 45 24 18 0 11 10 9 12 12 19 0 0 46 48 3 14 5 0 0 22 11 11 25
"ASV213" 0 0 0 0 1 0 0 0 0 1 0 0 5 13 0 14 0 0 0 3 0 0 32 32 0 35 4 47.5 38 7 4 48 0 22 8 9
"ASV266" 3 2 0 0 2 1 6 1 22 5.5 2 1 5 0 0 0 10 1 0 14 0 17 9 0 61 44 1 14 18 0 3 13 0 44 12 19
"ASV210" 0 2 1 0 1 0 0 1 0 0 0 0 3 0 0 1 0 18 0 2 0 0 1 0 7 2 7 58 107 40 9 4 1 64 27 26
"ASV221" 1 0 4 0 1 1 0 1 7 0 3 0 0 0 14 0 1 50 2 0 22 0 0 16 0 105 6 27 62 0 1 0 13 0 3 4
"ASV228" 25 12 7 0 4 14 7 16 17.5 3 47 0 0 0 16 0 6 0 17 41 10 25 3 0 14 0 31 0 0 0 0 27 6 0 0 19
"ASV216" 15 4 0 0 2 0 3 0 9 0 0 0 1 37 2 23 9 19 5 30 44 10 73 41 3 1 3 0 0 0 0 0 0 0 3.5 0
"ASV220" 5 0 7 0 0 3 0 4 1 0 1 0 12 18 22 3 0 0 0 18 2 2 0 0 36 74 65 0 14 5 12 15 7 0 18 28
"ASV223" 0 0 0 0 0 0 1 1 0 0 0 0 0 0 0 0 0 0 0 1 0 0 0 0 0 0 0 0 12 76 7 70 0 112 6 0
"ASV230" 2 2 0 0 0 0 1 0 0 1 1 0 3 0 0 1 3 0 0 1 39 57 0 23 5 93 25 15 5 8 3 34 13 0 2 4
"ASV365" 1 15 15 4 4 15 1 6 6 18 4 14 13 12 51 20 2 2 19 15 7 14 21 41.5 45.5 94 58 79 103 32 98 85 27 12.5 101 73
"ASV484" 0 2 4 5.5 1 18 6 6 19 12 16 0 0 0 12 19 1 6 13 2 13 24 11 0 34.5 21 9 0 0 1 1 8 6 1 21.5 1
"ASV231" 0 0 0 0 0 0 15 0 8 0 0 0 6 4 2 14 0 8 0 3 8 4 18 3 11 13.5 6 26 0 0 32 0 6 50 0 27
"ASV241" 0 0 1 0 2 0 0 0 1 0 0 0 0 1 0 0 0 8 0 0 0 0 0 0 4 0 12 2 0 50 0 27 0 150 18 21
"ASV232" 0 2 3 1 1 2 5.5 2 1 2 7 4 0 2 2 3 6 3 0 2 2 8 4 1 37 2 38 57 54 1 39 3 12.5 70 0 0
"ASV244" 5.5 14 3 8 6 3 3.5 0 10 12 4 8 60.5 0 0 0 0 14 1 0 0 1 40 1 0 0 3 0 78 0 1 0 13 0 0 12
"ASV270" 7 0 1 1 2 0 0 0 0 0 0 0 7 8 0 0 0 0 9 0 0 1 19 84 24 56 0 0 15 8 9 1 1 29 10 17
"ASV254" 0 0 0 0 0 0 0 0 0 1 1 0 8 52 4 148 1 0 1 8 12 3 0 17 0 0 3 0 0 0 3 0 0 8 2 0
"ASV260" 10 0 1 3 10.5 1 3 1 3 5 11 0 20 9 13 1 7 43 3 8 58 17 33 24 0 0 11 0 1 0 8 1 0 0 0 1
"ASV265" 0 0 6 0 0 2 0 0 4 0 0 0 0 0 34 0 7 0 15 7 73 0 0 0 125 0 0 3 0 0 3 0 0 0 10 7
"ASV275" 0 0 0 6 1 0 0 0 0 9 0 0 0 0 7 0 12 16 0 0 1 0 0 0 213 0 29 0 9 0 0 1 0 0 0 0
"ASV282" 20 3 21 10 5 0 11 19 0 5 35 11 3 0 3 0 1 0 7 0 4 0 2 0 45 0 13 30 0 0 0 0 13 0 0 0
"ASV276" 2 0 0 0 0 0 0 0 0 0 0 3 0 10 2 17 6 5 1 0 3 7 5 4 29 60 10 21 5 15 0 6 3 1 11 0
"ASV284" 0 13 8 0 3.5 6 10 1 1 6 30.5 5 4 0 0 0 0 0 0 58 0 0 0 1 12 0 4 0 13 0 0 0 3 0 20 0
"ASV307" 0 0 0 0 0 0 0 0 0 0 0 11 0 0 0 0 0 0 55 0 0 0 10 0 0 0 0 0 0 0 46 43 0 0 0 0
"ASV286" 15 11 15 3 1 16 3 4 4 16 35 14 0 7 0 9 0 0 0 11 0 0 21 0 0 1 0 0 0 0 0 0 0 0 36 0
"ASV289" 34 0 16 0 0 0 4 2 0 2 4 2 11 27 0 0 5.5 2 5 5 0 0 0 6 0 0 2 3 0 7 2 42 3 0 28 0
"ASV310" 7 1 0 3 0 4.5 4 0 15 4 4 0 2 1 10 0 12 8 0 0 0 0 0 12 17 0 1 0 40 0 11 2 0 40 0 1
"ASV317" 0 0 0 0 0 6 0 0 0 0 0 1 19 32 2 64 0 0 0 0 8 0 0 17 0 0 1 0 0 0 0 0 0 0 5 0
"ASV299" 10 0 7 0 1 1 0 0 0 0 2 0 17 0 6 5 8 18 0 0 15.5 1 0 21 4 25.5 4 0 0 14 18 11 5 0 2 0
"ASV303" 0 0 0 0 0 0 0 6 4 9 0 0 0 0 0 2 0 31 0 0 2 1 0 1 37 50 12 0 7 0 0 26.5 0 11 18 0
"ASV304" 9 9 2 0 6 1 3 0 1 2 4 3 4 2 0 6 0 15 0 0 19 3 7 10 21 0 1 0 36 0 26 0 0 0 0 0
"ASV331" 0 0 0 0 0 0 0 0 0 0 6 3 0 0 8 9 0 0 50 0 0 0 0 36 0 0 0 0 0 0 0 4 10 0 0 18
"ASV309" 0 1 5 0 0 4 2 1 1 0 1 0 0 0 2 0 0 0 0 10 24 4 15 0 30 0 11 0 41 0 15 29 0 0 3 0
"ASV332" 0 0 6 0 0 0 9 7 6 0 10 8 11 13 11 7 8 9 0 9 11 8 16 0 0 10 10 0 0 0 10 0 0 0 0 11
"ASV340" 0 0 0 0 4 4 2 1 1 3 1 1 0 0 22.5 0 11 0 0 7 2 0 4 41 0 0 4 57 3 0 2 37 3 0 93 1
"ASV339" 0 0 2 1 0 4 0 1 0 0 0 0 0 0 0 34 0 61 0 2 11 0 0 0 0 0 0 0 0 0 33 4 0 0 2 0
"ASV316" 1 0 1 0 1 4 0 0 4 0 0 0 3 0 17 28 15 0 0 0 0 8 27 0 43.5 0 11 0 0 0 10 0 0 25 2 0
"ASV320" 1 4 3 3 0 0 3 1 7 0 8 1 1 1 0 12 7 1 0 1 0 22 9 1 5 1 28 8 1 0 37 3 2 41 0 17
"ASV322" 0 0 2 0 3 0 0 3 2 0 0 0 4 0 0 0 0 11 0 0 0 16 0 1 10 0 0 5 41 21 2 26 7 0 0 15
"ASV324" 6 0 6 0 5 2 6 12.5 5 0 4 2 15 11 4 29 12 15 18 16 13 0 4 37.5 0 0 0 0 0 0 0 0 0 0 0 0
"ASV325" 0 0 0 0 0 0 0 0 0 0 0 0 22 4 57 0 0 1 0 12 32 8 7 7 0 0 4 0 5 5 0 0 7 9 0 4
"ASV215" 1 7 5 0 2 1 0 0 1 4 6 1 19 26 0 7.5 21 8 1 4 41 17 0 4 71 30 39 13 114 3 46 66 23 49 59 36
"ASV178" 6 7 10 0 2 5 6 0 0 0 1 0 46 15 5 0 6 21 22 6 63 7 1 0 27 0 36 15 26 2 0 3 1.5 98 0 37
"ASV170" 4 0 17 2 0 1 3 8.5 6 0 2 6 5 11 27 5 2 0 2 7 4 12 25 0 24 116 6 19 1 10 12 20 1 102 10 16
"ASV182" 5 30 12 2 2 7 0 4 14 4 10 4 11 9 2 2 0 6 0 22 0 0 6 57 17 2 85 0 7 0 10 20.5 1 76 9 14
"ASV183" 2 0 0 1 2 1 0 0 0 0 0 0 0 24 1 0 0 0 6 13 4 34 0 79.5 30 37 45 0 4 86 6 21 0 0 6 0
"ASV202" 1 2 2 0 4.5 8 8 0 3 4 3 6 1 9 8 0 0 0 18.5 4 51 12 7 37 29 43 17 53 42 11 12 3 7 37 9 2
"ASV191" 6 10 1 0 5 1 10 0 6 2 0 12 0 108 62 10 4 7 0 5 7 0 1 0 0 0 1 1 2 0 6 2 0 59 34 0
"ASV181" 12 7 44 6 3 28 6.5 1 20 5 14 2 33 0 32 24.5 11 1 0 1 24 17 11 39.5 12 0 6 90.5 9 0 5 0 12 0 14 11
"ASV206" 7 0 0 0 2 0 1 0 6 0 0 0 25 45 3 0 0 6 8 0 24 0 0 5 4 0 2 77 43 0 6 0 1 56 0 61
"ASV193" 0 0 2 0 0 0 1 0 1 1 3 0 13 15 16 6 18 10 0 12 0 33 19 0 48 13 67 12 12 5 26 3 5 34 8 64
"ASV264" 2 2 0 0 0 0 0 0 0 0 2 1 16.5 20 0 7 2 16 6 35 16 18 7 145 12 0 5 14 1 14 0 0 2 1 0 0
"ASV471" 4 15 5 3 7 19 1 5 8 13 2 6 2 2 13 17 21 5 13 38.5 23 4 53 78 105 50 77 89 120 47.5 68 51 39 4 35 55
"ASV2142" 2 5 0 10 0 2 0 0 1 0 3 3 0 0 0 0 0 0 0 1 0 0 0 0 0 3 0 0 0 0 0 0 0 0 0 0
"ASV2147" 0 0 0 0 0 0 0 0 0 0 0 0 0 0 0 0 0 0 0 0 0 0 0 0 0 0 0 0 0 0 0 0 0 11 0 0
"ASV2150" 0 0 0 0 0 0 0 0 0 0 0 0 0 0 0 0 0 0 0 0 0 0 0 0 0 0 16 0 2 0 6 0 0 0 0 0
"ASV2152" 0 0 0 0 0 0 0 0 0 0 0 0 0 0 5 5 0 0 0 0 0 5 4 0 0 0 0 0 0 0 0 0 0 0 0 0
"ASV2153" 0 0 0 0 0 0 0 0 0 0 0 0 0 0 0 0 0 0 0 0 0 0 0 0 0 0 0 0 0 14 0 0 0 0 0 0
"ASV2154" 0 0 0 0 0 0 0 0 0 0 0 0 0 0 0 0 0 0 0 0 0 4 14 4 0 0 0 0 0 0 0 0 1 0 0 0
"ASV1977" 0 0 0 0 0 0 0 0 0 0 0 0 0 0 0 0 0 0 0 0 0 0 0 14 0 0 0 0 0 0 0 0 0 0 0 0
"ASV1978" 0 2 7 0 0 0 0 0 0 0 0 0 0 0 0 0 0 0 0 0 0 0 0 0 0 0 0 0 0 0 0 0 0 0 0 0
"ASV1980" 0 0 0 0 0 0 0 0 0 0 0 0 0 0 0 0 0 0 0 0 0 0 3 0 0 0 0 0 0 0 0 0 0 0 17 0
"ASV1508" 1 16 0 0 0 1 0 0 0 0 0 0 0 0 0 0 0 0 0 0 0 0 1 0 0 0 1 0 0 0 1 0 0 0 1 0
"ASV1510" 0 0 0 0 0 0 0 0 0 0 0 0 0 0 25 0 0 0 0 0 0 0 0 0 0 0 0 0 0 0 0 0 0 0 0 0
"ASV1518" 0 0 0 0 0 0 0 0 0 0 0 0 0 0 0 0 0 0 0 0 0 0 0 23 0 0 0 0 0 0 0 0 0 0 0 0
"ASV1519" 0 0 0 0 0 0 0 0 0 0 0 0 25 0 0 0 0 0 0 0 0 0 0 0 0 0 0 0 0 0 0 0 0 0 0 0
"ASV1520" 2 0 0 0 0 0 0 0 0 0 0 0 0 0 0 0 0 0 3 0 0 0 2 0 0 0 0 0 5 0 3 0 0 14 0 0
"ASV1521" 20 1 0 0 0 0 0 1 0 5 0 0 0 0 0 0 0 0 0 0 0 0 1 0 0 0 0 0 0 0 0 0 0 0 0 0
"ASV1523" 0 0 0 0 0 0 1 0 0 1 2 1 2 20 1 0 0 0 0 0 3 0 2 0 0 0 2 0 0 0 1 0 0 0 0 0
"ASV502" 2 0 1 0 0 0 0 0 5 0 0 0 0 16 0 0 0 5 0 3 0 21.5 0 0 0 0 0 0 38 0 0 0 1 0 0 0
"ASV505" 3 0 0 1 0 0 0 0 0 0 0 0 0 37 0 0 5 12 0 3 12 1 0 1 0 9 0 0 9 0 4 3 6 5 0 1
"ASV575" 0 0 3 2 0 4 0 0 3 0 2 0 0 4 1 0 0 5 0 0 21.5 7 0 2 0 0 0 0 0 92 0 0 0 0 1 5
"ASV510" 8 2 0 0 0 4 9 0 1 1 31 3 0 0 0 0 0 0 0 0 0 0 0 0 0 0 0 0 0 0 0 0 0 0 0 0
"ASV1357" 0 0 0 0 0 0 0 0 0 0 0 0 0 0 0 0 0 0 0 0 3 8 0 0 0 0 12 0 0 0 0 0 2 0 0 0
"ASV1358" 0 0 0 0 0 0 0 0 0 0 0 0 0 0 0 0 2 0 0 0 0 0 0 0 26 0 0 0 0 0 0 0 0 0 0 0
"ASV1359" 4 0 1 0 1 1 2 4 3 12 1 11 0 0 1 1 0 0 0 0 10 0 0 0 6 0 0 0 3 0 3 0 0 0 0 0
"ASV1198" 0 0 0 0 0 0 0 0 0 0 0 0 0 0 0 0 0 0 0 14 0 0 0 0 0 0 0 0 0 13 0 0 3 0 0 0
"ASV1199" 0 0 0 0 0 0 0 0 0 0 0 0 0 0 0 0 0 0 0 0 0 0 0 0 41 0 0 0 0 0 0 0 0 0 0 0
"ASV1200" 0 0 0 0 0 0 0 0 0 0 0 0 0 0 0 0 0 0 0 0 0 0 0 0 0 0 0 0 0 0 0 0 0 31 0 0
"ASV1204" 0 0 0 0 0 0 0 0 0 0 0 0 0 0 21 0 5 0 0 1 0 0 0 0 0 0 0 0 0 2 4 0 0 0 0 5
"ASV1210" 37 0 0 0 0 0 0 0 0 0 0 0 0 0 0 0 0 0 0 0 0 0 0 0 0 0 0 0 0 0 0 0 0 0 0 0
"ASV1009" 0 0 0 0 0 0 0 0 0 0 0 0 0 0 0 0 0 0 0 0 0 0 0 0 0 0 0 0 0 0 0 36 0 0 0 0
"ASV1010" 0 0 0 0 0 0 0 0 0 0 0 0 0 0 0 0 0 0 0 0 44 0 0 0 0 0 0 0 0 0 0 0 0 0 0 0
"ASV1012" 0 0 0 0 0 0 0 0 0 0 0 0 0 0 0 0 0 0 0 0 0 0 0 0 0 0 0 0 0 34 0 0 0 0 0 0
"ASV1014" 0 0 0 0 0 0 0 0 0 0 0 0 0 0 0 0 0 28 3 0 0 0 0 0 0 0 0 0 0 0 0 0 0 0 0 0
"ASV2463" 0 0 0 0 0 0 0 0 0 0 0 0 0 0 0 0 0 0 0 0 0 0 0 0 0 0 0 0 0 9 0 0 1 0 0 0
"ASV2464" 0 2 1 2 1 0 0 1 1 0 0 1 1 3 0 0 0 1 0 0 0 1 2 0 0 1 0 1 3 0 0 0 0 2 0 1
"ASV2465" 0 0 0 0 0 0 0 0 0 0 0 0 2.5 0 3 0 0 0 0 0 0 0 0 0 0 0 0 0 0 0 0 0 0 0 11 0
"ASV2470" 0 0 0 0 0 0 0 0 0 0 0 0 0 0 0 0 0 0 0 0 0 0 8 0 0 0 0 0 0 0 0 0 0 0 0 0
"ASV2471" 0 0 0 0 0 0 0 0 0 0 0 0 20 0 0 0 0 0 0 0 0 0 0 0 0 0 11 0 0 0 0 0 0 0 0 0
"ASV2472" 0 0 0 0 0 0 0 0 0 0 0 0 0 0 0 0 0 0 0 0 0 0 0 0 0 0 0 0 1 0 0 0 0 11 0 0
"ASV2474" 0 0 0 0 0 0 0 0 0 0 0 0 0 0 0 0 0 0 0 0 0 16 0 0 0 0 0 0 0 0 0 0 0 0 0 0
"ASV2478" 0 0 0 0 0 0 0 0 0 0 0 0 0 0 0 0 0 0 0 0 0 0 0 0 0 0 9 0 0 0 0 0 0 0 0 0
"ASV834" 0 0 0 0 0 0 0 0 0 0 0 0 0 0 0 0 0 0 0 0 0 0 0 0 0 0 0 0 0 0 0 0 0 53 0 0
"ASV2615" 0 0 0 2 2 0 0 0 0 0 0 0 0 0 0 0 0 0 0 0 0 0 3 0 0 0 4 0 0 0 4 0 0 0 2 2
"ASV1810" 0 0 1 0 0 0 1 1 2 1 0 1 0 1 1 1 0 1 0 0 0 0 3 0 0 2 2 0 0 10 0 0 0 0 0 8
"ASV1811" 0 0 0 0 2 0 0 0 0 0 0 0 0 0 0 0 0 0 0 0 0 0 0 0 0 0 13 0 0 0 6 0 0 0 0 0
"ASV1816" 0 0 1 0 0 0 0 1 0 0 1 0 1 0 1 0 0 0 0 1.5 1 0 3 0 0 1 11 0 0 0 5 0 0 0 2 0
"ASV1818" 0 0 0 0 0 0 0 0 0 0 0 0 0 0 0 0 0 0 0 3 0 0 0 0 0 0 0 7 17 0 0 0 0 0 0 2
"ASV1819" 6 0 0 0 0 0 0 0 0 0 8 0 0 0 0 0 0 0 0 0 0 0 0 0 0 0 0 0 0 0 0 0 0 0 0 0
"ASV1821" 0 1 0 0 0 0 0 0 0 0 0 0 0 0 0 0 0 0 0 0 0 0 1 0 7 0 18 0 0 0 0 0 0 0 0 4
"ASV1656" 0 0 0 0 0 0 0 0 0 0 0 0 0 4 0 0 0 0 0 12 0 0 0 10 0 0 0 15 6 0 0 1 3 0 0 0
"ASV1657" 0 0 0 0 0 0 0 0 0 0 0 0 0 0 0 0 0 0 0 0 0 0 0 0 0 0 0 0 22 0 0 0 0 0 0 0
"ASV1659" 0 0 0 0 0 0 0 0 0 0 0 0 0 0 0 0 0 0 0 0 0 0 0 0 29 0 0 0 0 0 0 0 0 0 0 0
"ASV1660" 0 0 0 0 0 0 0 0 0 0 0 0 0 0 0 0 0 0 0 0 0 0 0 0 25 0 0 0 0 0 0 0 0 0 0 0
"ASV2310" 0 0 0 0 0 1 0 0 8 0 0 0 0 0 0 0 0 0 0 0 0 1 0 14 0 0 0 0 0 0 1 0 0 0 0 0
"ASV2312" 0 0 0 0 0 0 0 0 2 0 0 0 4 0 3 0 0 0 0 0 0 0 0 0 0 0 0 0 0 0 8 0 2 0 2 0
"ASV2313" 0 0 0 0 0 0 0 0 0 0 0 0 0 0 0 0 0 0 0 0 0 0 0 0 0 0 0 0 0 0 14 0 0 0 0 0
"ASV2316" 0 0 0 0 0 0 0 0 0 1 0 0 3 0 0 4 0 0 0 8 0 0 0 0 8 0 0 0 0 0 0 0 0 0 0 7
"ASV2319" 0 0 0 0 0 0 0 0 0 0 0 0 0 0 0 0 0 0 0 0 6 0 12 0 0 0 0 0 0 0 0 0 0 0 0 0
"ASV841" 0 15 0 0 0 1 10 0 0 0 0 0 0 0 0 2 0 0 0 0 0 0 0 0 0 0 0 13 0 0 0 0 3 10 0 0
"ASV845" 0 8 0 0 3 0 3 8 11 5 1 3 6 4 9 3 0 0 0 18.5 21 0 4 0 0 3 8 4 22 11 0 2 0 0 0 0
"ASV1024" 0 9 3 0 6 7 2 0 4 2 0 0 0 0 0 1 0 0 1 0 0 1 0 5 4 1 0 11 0 0 0 0 0 0 0 0
"ASV687" 2 0 0 0 0 0 0 0 0 0 1 0 0 0 2 0 1 0 0 0 0 1 8 0 5.5 0 0 0 0 53 0 0 6 3 0 0
"ASV486" 0 2 1 0 0 2 0 0 3 2 1 0 0 12 0 26 0 0 2 8 24 3 5 1 9 13 16 28 10 8 2 3 3 0 40 15
"ASV341" 16 19 29 1 9 16 14 1 16 4 27 10 0 2 0 3 0 0 0 0 0 0 0 0 0 0 0 1 1 0 0 0 0 0 0 0
"ASV372" 0 17 10 7 7 1 0 14 16 9 0 1 1 20 3 0 0 1 1 1 3 0 1 0 2 3 1 15 6 1 4 0 0 17 0 10
